2.3736e+10 1.0714e+10 -9.5971e+09 -6.8681e+08 -3.8828e+09 -1.3736e+08 0.0000e+00 0.0000e+00 0.0000e+00 0.0000e+00 0.0000e+00 0.0000e+00 0.0000e+00 0.0000e+00 0.0000e+00 0.0000e+00
1.0714e+10 2.3736e+10 6.8681e+08 5.6410e+09 1.3736e+08 -7.3260e+07 0.0000e+00 0.0000e+00 0.0000e+00 0.0000e+00 0.0000e+00 0.0000e+00 0.0000e+00 0.0000e+00 0.0000e+00 0.0000e+00
-9.5971e+09 6.8681e+08 2.7839e+10 9.5367e-07 4.2125e+09 -6.1813e+08 -1.9414e+09 -6.8681e+07 0.0000e+00 0.0000e+00 0.0000e+00 0.0000e+00 0.0000e+00 0.0000e+00 0.0000e+00 0.0000e+00
-6.8681e+08 5.6410e+09 9.5367e-07 3.5458e+10 6.1813e+08 1.7546e+10 6.8681e+07 -3.6630e+07 0.0000e+00 0.0000e+00 0.0000e+00 0.0000e+00 0.0000e+00 0.0000e+00 0.0000e+00 0.0000e+00
-3.8828e+09 1.3736e+08 4.2125e+09 6.1813e+08 3.0110e+10 4.7684e-07 2.2711e+09 -6.8681e+08 -1.9414e+09 -6.8681e+07 0.0000e+00 0.0000e+00 0.0000e+00 0.0000e+00 0.0000e+00 0.0000e+00
-1.3736e+08 -7.3260e+07 -6.1813e+08 1.7546e+10 4.7684e-07 5.2967e+10 6.8681e+08 1.7509e+10 6.8681e+07 -3.6630e+07 0.0000e+00 0.0000e+00 0.0000e+00 0.0000e+00 0.0000e+00 0.0000e+00
0.0000e+00 0.0000e+00 -1.9414e+09 6.8681e+07 2.2711e+09 6.8681e+08 3.0110e+10 9.5367e-07 2.2711e+09 -6.8681e+08 -1.9414e+09 -6.8681e+07 0.0000e+00 0.0000e+00 0.0000e+00 0.0000e+00
0.0000e+00 0.0000e+00 -6.8681e+07 -3.6630e+07 -6.8681e+08 1.7509e+10 9.5367e-07 5.2967e+10 6.8681e+08 1.7509e+10 6.8681e+07 -3.6630e+07 0.0000e+00 0.0000e+00 0.0000e+00 0.0000e+00
0.0000e+00 0.0000e+00 0.0000e+00 0.0000e+00 -1.9414e+09 6.8681e+07 2.2711e+09 6.8681e+08 2.9771e+10 -1.3393e+08 2.0467e+09 -9.5124e+08 -1.6987e+09 -8.2418e+07 0.0000e+00 0.0000e+00
0.0000e+00 0.0000e+00 0.0000e+00 0.0000e+00 -6.8681e+07 -3.6630e+07 -6.8681e+08 1.7509e+10 -1.3393e+08 5.2688e+10 3.7088e+08 1.6868e+10 3.7775e+07 -3.2051e+07 0.0000e+00 0.0000e+00
0.0000e+00 0.0000e+00 0.0000e+00 0.0000e+00 0.0000e+00 0.0000e+00 -1.9414e+09 6.8681e+07 2.0467e+09 3.7088e+08 2.6007e+10 -1.3393e+09 1.7033e+09 -1.0955e+09 -1.2134e+09 -6.5247e+07
0.0000e+00 0.0000e+00 0.0000e+00 0.0000e+00 0.0000e+00 0.0000e+00 -6.8681e+07 -3.6630e+07 -9.5124e+08 1.6868e+10 -1.3393e+09 4.6067e+10 -6.5247e+07 1.3132e+10 2.0604e+07 -2.2894e+07
0.0000e+00 0.0000e+00 0.0000e+00 0.0000e+00 0.0000e+00 0.0000e+00 0.0000e+00 0.0000e+00 -1.6987e+09 3.7775e+07 1.7033e+09 -6.5247e+07 1.8819e+10 -1.4732e+09 1.1355e+09 -9.2376e+08
0.0000e+00 0.0000e+00 0.0000e+00 0.0000e+00 0.0000e+00 0.0000e+00 0.0000e+00 0.0000e+00 -8.2418e+07 -3.2051e+07 -1.0955e+09 1.3132e+10 -1.4732e+09 3.3104e+10 -2.3695e+08 8.7546e+09
0.0000e+00 0.0000e+00 0.0000e+00 0.0000e+00 0.0000e+00 0.0000e+00 0.0000e+00 0.0000e+00 0.0000e+00 0.0000e+00 -1.2134e+09 2.0604e+07 1.1355e+09 -2.3695e+08 1.1291e+10 -1.4732e+09
0.0000e+00 0.0000e+00 0.0000e+00 0.0000e+00 0.0000e+00 0.0000e+00 0.0000e+00 0.0000e+00 0.0000e+00 0.0000e+00 -6.5247e+07 -2.2894e+07 -9.2376e+08 8.7546e+09 -1.4732e+09 1.9863e+10
