3.0110e+10 9.5367e-07 2.2711e+09 -6.8681e+08 -1.9414e+09 -6.8681e+07 0.0000e+00 0.0000e+00
9.5367e-07 5.2967e+10 6.8681e+08 1.7509e+10 6.8681e+07 -3.6630e+07 0.0000e+00 0.0000e+00
2.2711e+09 6.8681e+08 2.9771e+10 -1.3393e+08 2.0467e+09 -9.5124e+08 -1.6987e+09 -8.2418e+07
-6.8681e+08 1.7509e+10 -1.3393e+08 5.2688e+10 3.7088e+08 1.6868e+10 3.7775e+07 -3.2051e+07
-1.9414e+09 6.8681e+07 2.0467e+09 3.7088e+08 2.6007e+10 -1.3393e+09 1.7033e+09 -1.0955e+09
-6.8681e+07 -3.6630e+07 -9.5124e+08 1.6868e+10 -1.3393e+09 4.6067e+10 -6.5247e+07 1.3132e+10
0.0000e+00 0.0000e+00 -1.6987e+09 3.7775e+07 1.7033e+09 -6.5247e+07 1.8819e+10 -1.4732e+09
0.0000e+00 0.0000e+00 -8.2418e+07 -3.2051e+07 -1.0955e+09 1.3132e+10 -1.4732e+09 3.3104e+10
