4.000000000000000222e-01 1.250000000000000278e-01 -1.222222222222222598e-01 -1.041666666666666852e-01 -5.555555555555555247e-02 -2.083333333333333565e-02 0.000000000000000000e+00 0.000000000000000000e+00 5.555555555555553165e-02 1.041666666666666713e-01 -1.750000000000000167e-01 -8.680555555555558023e-02 -4.722222222222222793e-02 -1.736111111111111188e-02 0.000000000000000000e+00 0.000000000000000000e+00 -1.111111111111110980e-02 2.083333333333333912e-02 -3.611111111111110078e-02 -1.736111111111111188e-02 -8.333333333333333218e-03 -3.472222222222222029e-03 0.000000000000000000e+00 0.000000000000000000e+00 0.000000000000000000e+00 0.000000000000000000e+00 0.000000000000000000e+00 0.000000000000000000e+00 0.000000000000000000e+00 0.000000000000000000e+00 0.000000000000000000e+00 0.000000000000000000e+00 0.000000000000000000e+00 0.000000000000000000e+00 0.000000000000000000e+00 0.000000000000000000e+00 0.000000000000000000e+00 0.000000000000000000e+00 0.000000000000000000e+00 0.000000000000000000e+00 0.000000000000000000e+00 0.000000000000000000e+00 0.000000000000000000e+00 0.000000000000000000e+00 0.000000000000000000e+00 0.000000000000000000e+00 0.000000000000000000e+00 0.000000000000000000e+00 0.000000000000000000e+00 0.000000000000000000e+00 0.000000000000000000e+00 0.000000000000000000e+00 0.000000000000000000e+00 0.000000000000000000e+00 0.000000000000000000e+00 0.000000000000000000e+00 0.000000000000000000e+00 0.000000000000000000e+00 0.000000000000000000e+00 0.000000000000000000e+00 0.000000000000000000e+00 0.000000000000000000e+00 0.000000000000000000e+00 0.000000000000000000e+00 0.000000000000000000e+00 0.000000000000000000e+00 0.000000000000000000e+00 0.000000000000000000e+00 0.000000000000000000e+00 0.000000000000000000e+00 0.000000000000000000e+00 0.000000000000000000e+00 0.000000000000000000e+00 0.000000000000000000e+00 0.000000000000000000e+00 0.000000000000000000e+00 0.000000000000000000e+00 0.000000000000000000e+00 0.000000000000000000e+00 0.000000000000000000e+00 0.000000000000000000e+00 0.000000000000000000e+00
1.250000000000000278e-01 4.000000000000000777e-01 1.041666666666666574e-01 5.555555555555553165e-02 2.083333333333333565e-02 -1.111111111111110980e-02 0.000000000000000000e+00 0.000000000000000000e+00 -1.041666666666666852e-01 -1.222222222222222460e-01 -8.680555555555558023e-02 -1.749999999999999889e-01 -1.736111111111111535e-02 -3.611111111111110772e-02 0.000000000000000000e+00 0.000000000000000000e+00 -2.083333333333333912e-02 -5.555555555555555941e-02 -1.736111111111111188e-02 -4.722222222222222099e-02 -3.472222222222221596e-03 -8.333333333333331483e-03 0.000000000000000000e+00 0.000000000000000000e+00 0.000000000000000000e+00 0.000000000000000000e+00 0.000000000000000000e+00 0.000000000000000000e+00 0.000000000000000000e+00 0.000000000000000000e+00 0.000000000000000000e+00 0.000000000000000000e+00 0.000000000000000000e+00 0.000000000000000000e+00 0.000000000000000000e+00 0.000000000000000000e+00 0.000000000000000000e+00 0.000000000000000000e+00 0.000000000000000000e+00 0.000000000000000000e+00 0.000000000000000000e+00 0.000000000000000000e+00 0.000000000000000000e+00 0.000000000000000000e+00 0.000000000000000000e+00 0.000000000000000000e+00 0.000000000000000000e+00 0.000000000000000000e+00 0.000000000000000000e+00 0.000000000000000000e+00 0.000000000000000000e+00 0.000000000000000000e+00 0.000000000000000000e+00 0.000000000000000000e+00 0.000000000000000000e+00 0.000000000000000000e+00 0.000000000000000000e+00 0.000000000000000000e+00 0.000000000000000000e+00 0.000000000000000000e+00 0.000000000000000000e+00 0.000000000000000000e+00 0.000000000000000000e+00 0.000000000000000000e+00 0.000000000000000000e+00 0.000000000000000000e+00 0.000000000000000000e+00 0.000000000000000000e+00 0.000000000000000000e+00 0.000000000000000000e+00 0.000000000000000000e+00 0.000000000000000000e+00 0.000000000000000000e+00 0.000000000000000000e+00 0.000000000000000000e+00 0.000000000000000000e+00 0.000000000000000000e+00 0.000000000000000000e+00 0.000000000000000000e+00 0.000000000000000000e+00 0.000000000000000000e+00 0.000000000000000000e+00
-1.222222222222222598e-01 1.041666666666666574e-01 4.666666666666667851e-01 -6.249999999999984734e-03 9.999999999999999167e-02 -8.541666666666666852e-02 -2.777777777777778317e-02 -1.249999999999999722e-02 -1.749999999999999889e-01 8.680555555555553859e-02 -1.666666666666666644e-02 -5.208333333333321769e-03 -9.722222222222223764e-02 -7.118055555555555247e-02 -2.361111111111110702e-02 -1.041666666666666435e-02 -3.611111111111110078e-02 1.736111111111111188e-02 -3.333333333333333287e-02 -1.041666666666666435e-03 -3.055555555555555802e-02 -1.423611111111110911e-02 -4.166666666666665741e-03 -2.083333333333333304e-03 0.000000000000000000e+00 0.000000000000000000e+00 0.000000000000000000e+00 0.000000000000000000e+00 0.000000000000000000e+00 0.000000000000000000e+00 0.000000000000000000e+00 0.000000000000000000e+00 0.000000000000000000e+00 0.000000000000000000e+00 0.000000000000000000e+00 0.000000000000000000e+00 0.000000000000000000e+00 0.000000000000000000e+00 0.000000000000000000e+00 0.000000000000000000e+00 0.000000000000000000e+00 0.000000000000000000e+00 0.000000000000000000e+00 0.000000000000000000e+00 0.000000000000000000e+00 0.000000000000000000e+00 0.000000000000000000e+00 0.000000000000000000e+00 0.000000000000000000e+00 0.000000000000000000e+00 0.000000000000000000e+00 0.000000000000000000e+00 0.000000000000000000e+00 0.000000000000000000e+00 0.000000000000000000e+00 0.000000000000000000e+00 0.000000000000000000e+00 0.000000000000000000e+00 0.000000000000000000e+00 0.000000000000000000e+00 0.000000000000000000e+00 0.000000000000000000e+00 0.000000000000000000e+00 0.000000000000000000e+00 0.000000000000000000e+00 0.000000000000000000e+00 0.000000000000000000e+00 0.000000000000000000e+00 0.000000000000000000e+00 0.000000000000000000e+00 0.000000000000000000e+00 0.000000000000000000e+00 0.000000000000000000e+00 0.000000000000000000e+00 0.000000000000000000e+00 0.000000000000000000e+00 0.000000000000000000e+00 0.000000000000000000e+00 0.000000000000000000e+00 0.000000000000000000e+00 0.000000000000000000e+00 0.000000000000000000e+00
-1.041666666666666852e-01 5.555555555555553165e-02 -6.249999999999984734e-03 5.583333333333333481e-01 6.041666666666666713e-02 2.249999999999999778e-01 8.333333333333336687e-03 -5.555555555555554900e-03 8.680555555555556635e-02 -1.749999999999999889e-01 5.208333333333325238e-03 -2.520833333333333259e-01 -5.034722222222223764e-02 -1.798611111111111382e-01 -6.944444444444443192e-03 -1.805555555555554692e-02 1.736111111111111188e-02 -4.722222222222221405e-02 1.041666666666663833e-03 -9.791666666666665186e-02 -1.006944444444444337e-02 -5.902777777777777624e-02 -1.388888888888888942e-03 -4.166666666666665741e-03 0.000000000000000000e+00 0.000000000000000000e+00 0.000000000000000000e+00 0.000000000000000000e+00 0.000000000000000000e+00 0.000000000000000000e+00 0.000000000000000000e+00 0.000000000000000000e+00 0.000000000000000000e+00 0.000000000000000000e+00 0.000000000000000000e+00 0.000000000000000000e+00 0.000000000000000000e+00 0.000000000000000000e+00 0.000000000000000000e+00 0.000000000000000000e+00 0.000000000000000000e+00 0.000000000000000000e+00 0.000000000000000000e+00 0.000000000000000000e+00 0.000000000000000000e+00 0.000000000000000000e+00 0.000000000000000000e+00 0.000000000000000000e+00 0.000000000000000000e+00 0.000000000000000000e+00 0.000000000000000000e+00 0.000000000000000000e+00 0.000000000000000000e+00 0.000000000000000000e+00 0.000000000000000000e+00 0.000000000000000000e+00 0.000000000000000000e+00 0.000000000000000000e+00 0.000000000000000000e+00 0.000000000000000000e+00 0.000000000000000000e+00 0.000000000000000000e+00 0.000000000000000000e+00 0.000000000000000000e+00 0.000000000000000000e+00 0.000000000000000000e+00 0.000000000000000000e+00 0.000000000000000000e+00 0.000000000000000000e+00 0.000000000000000000e+00 0.000000000000000000e+00 0.000000000000000000e+00 0.000000000000000000e+00 0.000000000000000000e+00 0.000000000000000000e+00 0.000000000000000000e+00 0.000000000000000000e+00 0.000000000000000000e+00 0.000000000000000000e+00 0.000000000000000000e+00 0.000000000000000000e+00 0.000000000000000000e+00
-5.555555555555555247e-02 2.083333333333333565e-02 9.999999999999999167e-02 6.041666666666666713e-02 2.666666666666666630e-01 -3.541666666666667268e-02 -5.555555555555553165e-03 -4.583333333333332316e-02 -4.722222222222222793e-02 1.736111111111110841e-02 -9.722222222222223764e-02 5.034722222222222376e-02 -4.444444444444443920e-02 -2.951388888888888465e-02 -4.027777777777777346e-02 -3.819444444444443365e-02 -8.333333333333333218e-03 3.472222222222221596e-03 -3.055555555555555108e-02 1.006944444444444163e-02 -2.777777777777777624e-02 -5.902777777777777624e-03 -9.722222222222222376e-03 -7.638888888888886904e-03 0.000000000000000000e+00 0.000000000000000000e+00 0.000000000000000000e+00 0.000000000000000000e+00 0.000000000000000000e+00 0.000000000000000000e+00 0.000000000000000000e+00 0.000000000000000000e+00 0.000000000000000000e+00 0.000000000000000000e+00 0.000000000000000000e+00 0.000000000000000000e+00 0.000000000000000000e+00 0.000000000000000000e+00 0.000000000000000000e+00 0.000000000000000000e+00 0.000000000000000000e+00 0.000000000000000000e+00 0.000000000000000000e+00 0.000000000000000000e+00 0.000000000000000000e+00 0.000000000000000000e+00 0.000000000000000000e+00 0.000000000000000000e+00 0.000000000000000000e+00 0.000000000000000000e+00 0.000000000000000000e+00 0.000000000000000000e+00 0.000000000000000000e+00 0.000000000000000000e+00 0.000000000000000000e+00 0.000000000000000000e+00 0.000000000000000000e+00 0.000000000000000000e+00 0.000000000000000000e+00 0.000000000000000000e+00 0.000000000000000000e+00 0.000000000000000000e+00 0.000000000000000000e+00 0.000000000000000000e+00 0.000000000000000000e+00 0.000000000000000000e+00 0.000000000000000000e+00 0.000000000000000000e+00 0.000000000000000000e+00 0.000000000000000000e+00 0.000000000000000000e+00 0.000000000000000000e+00 0.000000000000000000e+00 0.000000000000000000e+00 0.000000000000000000e+00 0.000000000000000000e+00 0.000000000000000000e+00 0.000000000000000000e+00 0.000000000000000000e+00 0.000000000000000000e+00 0.000000000000000000e+00 0.000000000000000000e+00
-2.083333333333333565e-02 -1.111111111111110980e-02 -8.541666666666666852e-02 2.249999999999999778e-01 -3.541666666666667268e-02 3.583333333333332815e-01 1.666666666666667684e-02 3.888888888888889644e-02 1.736111111111110841e-02 -3.611111111111110078e-02 7.118055555555555247e-02 -1.798611111111111382e-01 2.951388888888889853e-02 -1.909722222222222376e-01 -1.388888888888888985e-02 -5.138888888888887979e-02 3.472222222222222029e-03 -8.333333333333331483e-03 1.423611111111111258e-02 -5.902777777777777624e-02 5.902777777777778491e-03 -7.013888888888888951e-02 -2.777777777777778317e-03 -1.527777777777777728e-02 0.000000000000000000e+00 0.000000000000000000e+00 0.000000000000000000e+00 0.000000000000000000e+00 0.000000000000000000e+00 0.000000000000000000e+00 0.000000000000000000e+00 0.000000000000000000e+00 0.000000000000000000e+00 0.000000000000000000e+00 0.000000000000000000e+00 0.000000000000000000e+00 0.000000000000000000e+00 0.000000000000000000e+00 0.000000000000000000e+00 0.000000000000000000e+00 0.000000000000000000e+00 0.000000000000000000e+00 0.000000000000000000e+00 0.000000000000000000e+00 0.000000000000000000e+00 0.000000000000000000e+00 0.000000000000000000e+00 0.000000000000000000e+00 0.000000000000000000e+00 0.000000000000000000e+00 0.000000000000000000e+00 0.000000000000000000e+00 0.000000000000000000e+00 0.000000000000000000e+00 0.000000000000000000e+00 0.000000000000000000e+00 0.000000000000000000e+00 0.000000000000000000e+00 0.000000000000000000e+00 0.000000000000000000e+00 0.000000000000000000e+00 0.000000000000000000e+00 0.000000000000000000e+00 0.000000000000000000e+00 0.000000000000000000e+00 0.000000000000000000e+00 0.000000000000000000e+00 0.000000000000000000e+00 0.000000000000000000e+00 0.000000000000000000e+00 0.000000000000000000e+00 0.000000000000000000e+00 0.000000000000000000e+00 0.000000000000000000e+00 0.000000000000000000e+00 0.000000000000000000e+00 0.000000000000000000e+00 0.000000000000000000e+00 0.000000000000000000e+00 0.000000000000000000e+00 0.000000000000000000e+00 0.000000000000000000e+00
0.000000000000000000e+00 0.000000000000000000e+00 -2.777777777777778317e-02 8.333333333333336687e-03 -5.555555555555553165e-03 1.666666666666667684e-02 8.888888888888892004e-02 -2.500000000000000833e-02 0.000000000000000000e+00 0.000000000000000000e+00 -2.361111111111111396e-02 6.944444444444444059e-03 -4.027777777777779428e-02 1.388888888888889506e-02 2.222222222222221266e-02 -2.083333333333333912e-02 0.000000000000000000e+00 0.000000000000000000e+00 -4.166666666666665741e-03 1.388888888888888725e-03 -9.722222222222222376e-03 2.777777777777777884e-03 -4.878909776184769953e-19 -4.166666666666666609e-03 0.000000000000000000e+00 0.000000000000000000e+00 0.000000000000000000e+00 0.000000000000000000e+00 0.000000000000000000e+00 0.000000000000000000e+00 0.000000000000000000e+00 0.000000000000000000e+00 0.000000000000000000e+00 0.000000000000000000e+00 0.000000000000000000e+00 0.000000000000000000e+00 0.000000000000000000e+00 0.000000000000000000e+00 0.000000000000000000e+00 0.000000000000000000e+00 0.000000000000000000e+00 0.000000000000000000e+00 0.000000000000000000e+00 0.000000000000000000e+00 0.000000000000000000e+00 0.000000000000000000e+00 0.000000000000000000e+00 0.000000000000000000e+00 0.000000000000000000e+00 0.000000000000000000e+00 0.000000000000000000e+00 0.000000000000000000e+00 0.000000000000000000e+00 0.000000000000000000e+00 0.000000000000000000e+00 0.000000000000000000e+00 0.000000000000000000e+00 0.000000000000000000e+00 0.000000000000000000e+00 0.000000000000000000e+00 0.000000000000000000e+00 0.000000000000000000e+00 0.000000000000000000e+00 0.000000000000000000e+00 0.000000000000000000e+00 0.000000000000000000e+00 0.000000000000000000e+00 0.000000000000000000e+00 0.000000000000000000e+00 0.000000000000000000e+00 0.000000000000000000e+00 0.000000000000000000e+00 0.000000000000000000e+00 0.000000000000000000e+00 0.000000000000000000e+00 0.000000000000000000e+00 0.000000000000000000e+00 0.000000000000000000e+00 0.000000000000000000e+00 0.000000000000000000e+00 0.000000000000000000e+00 0.000000000000000000e+00
0.000000000000000000e+00 0.000000000000000000e+00 -1.249999999999999722e-02 -5.555555555555554900e-03 -4.583333333333332316e-02 3.888888888888889644e-02 -2.500000000000000833e-02 7.777777777777780677e-02 0.000000000000000000e+00 0.000000000000000000e+00 1.041666666666666782e-02 -1.805555555555555733e-02 3.819444444444446141e-02 -5.138888888888892142e-02 2.083333333333333218e-02 -1.388888888888890373e-02 0.000000000000000000e+00 0.000000000000000000e+00 2.083333333333333304e-03 -4.166666666666665741e-03 7.638888888888888638e-03 -1.527777777777777901e-02 4.166666666666666609e-03 -8.333333333333334952e-03 0.000000000000000000e+00 0.000000000000000000e+00 0.000000000000000000e+00 0.000000000000000000e+00 0.000000000000000000e+00 0.000000000000000000e+00 0.000000000000000000e+00 0.000000000000000000e+00 0.000000000000000000e+00 0.000000000000000000e+00 0.000000000000000000e+00 0.000000000000000000e+00 0.000000000000000000e+00 0.000000000000000000e+00 0.000000000000000000e+00 0.000000000000000000e+00 0.000000000000000000e+00 0.000000000000000000e+00 0.000000000000000000e+00 0.000000000000000000e+00 0.000000000000000000e+00 0.000000000000000000e+00 0.000000000000000000e+00 0.000000000000000000e+00 0.000000000000000000e+00 0.000000000000000000e+00 0.000000000000000000e+00 0.000000000000000000e+00 0.000000000000000000e+00 0.000000000000000000e+00 0.000000000000000000e+00 0.000000000000000000e+00 0.000000000000000000e+00 0.000000000000000000e+00 0.000000000000000000e+00 0.000000000000000000e+00 0.000000000000000000e+00 0.000000000000000000e+00 0.000000000000000000e+00 0.000000000000000000e+00 0.000000000000000000e+00 0.000000000000000000e+00 0.000000000000000000e+00 0.000000000000000000e+00 0.000000000000000000e+00 0.000000000000000000e+00 0.000000000000000000e+00 0.000000000000000000e+00 0.000000000000000000e+00 0.000000000000000000e+00 0.000000000000000000e+00 0.000000000000000000e+00 0.000000000000000000e+00 0.000000000000000000e+00 0.000000000000000000e+00 0.000000000000000000e+00 0.000000000000000000e+00 0.000000000000000000e+00
5.555555555555553165e-02 -1.041666666666666852e-01 -1.749999999999999889e-01 8.680555555555556635e-02 -4.722222222222222793e-02 1.736111111111110841e-02 0.000000000000000000e+00 0.000000000000000000e+00 5.777777777777778345e-01 1.040834085586084257e-17 -2.555555555555556468e-01 -1.040834085586084257e-17 -9.999999999999997780e-02 0.000000000000000000e+00 0.000000000000000000e+00 0.000000000000000000e+00 2.666666666666666630e-01 8.333333333333334259e-02 -2.000000000000000111e-01 -6.944444444444446141e-02 -6.666666666666667962e-02 -1.388888888888888812e-02 0.000000000000000000e+00 0.000000000000000000e+00 -1.111111111111110980e-02 2.083333333333333912e-02 -3.611111111111109384e-02 -1.736111111111111188e-02 -8.333333333333333218e-03 -3.472222222222222029e-03 0.000000000000000000e+00 0.000000000000000000e+00 0.000000000000000000e+00 0.000000000000000000e+00 0.000000000000000000e+00 0.000000000000000000e+00 0.000000000000000000e+00 0.000000000000000000e+00 0.000000000000000000e+00 0.000000000000000000e+00 0.000000000000000000e+00 0.000000000000000000e+00 0.000000000000000000e+00 0.000000000000000000e+00 0.000000000000000000e+00 0.000000000000000000e+00 0.000000000000000000e+00 0.000000000000000000e+00 0.000000000000000000e+00 0.000000000000000000e+00 0.000000000000000000e+00 0.000000000000000000e+00 0.000000000000000000e+00 0.000000000000000000e+00 0.000000000000000000e+00 0.000000000000000000e+00 0.000000000000000000e+00 0.000000000000000000e+00 0.000000000000000000e+00 0.000000000000000000e+00 0.000000000000000000e+00 0.000000000000000000e+00 0.000000000000000000e+00 0.000000000000000000e+00 0.000000000000000000e+00 0.000000000000000000e+00 0.000000000000000000e+00 0.000000000000000000e+00 0.000000000000000000e+00 0.000000000000000000e+00 0.000000000000000000e+00 0.000000000000000000e+00 0.000000000000000000e+00 0.000000000000000000e+00 0.000000000000000000e+00 0.000000000000000000e+00 0.000000000000000000e+00 0.000000000000000000e+00 0.000000000000000000e+00 0.000000000000000000e+00 0.000000000000000000e+00 0.000000000000000000e+00
1.041666666666666713e-01 -1.222222222222222460e-01 8.680555555555553859e-02 -1.749999999999999889e-01 1.736111111111110841e-02 -3.611111111111110078e-02 0.000000000000000000e+00 0.000000000000000000e+00 1.040834085586084257e-17 4.888888888888889839e-01 6.938893903907228378e-18 -1.111111111111112368e-02 0.000000000000000000e+00 -3.333333333333333287e-02 0.000000000000000000e+00 0.000000000000000000e+00 -8.333333333333332871e-02 1.333333333333333037e-01 -6.944444444444443365e-02 -1.000000000000000194e-01 -1.388888888888888812e-02 -3.333333333333333287e-02 0.000000000000000000e+00 0.000000000000000000e+00 -2.083333333333333218e-02 -5.555555555555555941e-02 -1.736111111111110841e-02 -4.722222222222221405e-02 -3.472222222222221596e-03 -8.333333333333331483e-03 0.000000000000000000e+00 0.000000000000000000e+00 0.000000000000000000e+00 0.000000000000000000e+00 0.000000000000000000e+00 0.000000000000000000e+00 0.000000000000000000e+00 0.000000000000000000e+00 0.000000000000000000e+00 0.000000000000000000e+00 0.000000000000000000e+00 0.000000000000000000e+00 0.000000000000000000e+00 0.000000000000000000e+00 0.000000000000000000e+00 0.000000000000000000e+00 0.000000000000000000e+00 0.000000000000000000e+00 0.000000000000000000e+00 0.000000000000000000e+00 0.000000000000000000e+00 0.000000000000000000e+00 0.000000000000000000e+00 0.000000000000000000e+00 0.000000000000000000e+00 0.000000000000000000e+00 0.000000000000000000e+00 0.000000000000000000e+00 0.000000000000000000e+00 0.000000000000000000e+00 0.000000000000000000e+00 0.000000000000000000e+00 0.000000000000000000e+00 0.000000000000000000e+00 0.000000000000000000e+00 0.000000000000000000e+00 0.000000000000000000e+00 0.000000000000000000e+00 0.000000000000000000e+00 0.000000000000000000e+00 0.000000000000000000e+00 0.000000000000000000e+00 0.000000000000000000e+00 0.000000000000000000e+00 0.000000000000000000e+00 0.000000000000000000e+00 0.000000000000000000e+00 0.000000000000000000e+00 0.000000000000000000e+00 0.000000000000000000e+00 0.000000000000000000e+00 0.000000000000000000e+00
-1.750000000000000167e-01 -8.680555555555558023e-02 -1.666666666666666644e-02 5.208333333333325238e-03 -9.722222222222223764e-02 7.118055555555555247e-02 -2.361111111111111396e-02 1.041666666666666782e-02 -2.555555555555556468e-01 6.938893903907228378e-18 6.333333333333334147e-01 8.673617379884035472e-18 8.888888888888887840e-02 -4.770489558936219510e-18 -5.000000000000000278e-02 -8.673617379884035472e-19 -2.000000000000000666e-01 6.944444444444444753e-02 2.500000000000000000e-01 -4.166666666666662272e-03 -1.666666666666669766e-02 -5.694444444444445030e-02 -3.333333333333332593e-02 -8.333333333333334952e-03 -3.611111111111110772e-02 1.736111111111111188e-02 -3.333333333333332593e-02 -1.041666666666663833e-03 -3.055555555555555455e-02 -1.423611111111111258e-02 -4.166666666666665741e-03 -2.083333333333333304e-03 0.000000000000000000e+00 0.000000000000000000e+00 0.000000000000000000e+00 0.000000000000000000e+00 0.000000000000000000e+00 0.000000000000000000e+00 0.000000000000000000e+00 0.000000000000000000e+00 0.000000000000000000e+00 0.000000000000000000e+00 0.000000000000000000e+00 0.000000000000000000e+00 0.000000000000000000e+00 0.000000000000000000e+00 0.000000000000000000e+00 0.000000000000000000e+00 0.000000000000000000e+00 0.000000000000000000e+00 0.000000000000000000e+00 0.000000000000000000e+00 0.000000000000000000e+00 0.000000000000000000e+00 0.000000000000000000e+00 0.000000000000000000e+00 0.000000000000000000e+00 0.000000000000000000e+00 0.000000000000000000e+00 0.000000000000000000e+00 0.000000000000000000e+00 0.000000000000000000e+00 0.000000000000000000e+00 0.000000000000000000e+00 0.000000000000000000e+00 0.000000000000000000e+00 0.000000000000000000e+00 0.000000000000000000e+00 0.000000000000000000e+00 0.000000000000000000e+00 0.000000000000000000e+00 0.000000000000000000e+00 0.000000000000000000e+00 0.000000000000000000e+00 0.000000000000000000e+00 0.000000000000000000e+00 0.000000000000000000e+00 0.000000000000000000e+00 0.000000000000000000e+00 0.000000000000000000e+00 0.000000000000000000e+00 0.000000000000000000e+00
-8.680555555555558023e-02 -1.749999999999999889e-01 -5.208333333333321769e-03 -2.520833333333333259e-01 5.034722222222222376e-02 -1.798611111111111382e-01 6.944444444444444059e-03 -1.805555555555555733e-02 -1.040834085586084257e-17 -1.111111111111112368e-02 8.673617379884035472e-18 6.416666666666667185e-01 1.734723475976807094e-18 2.194444444444444697e-01 -4.336808689942017736e-19 -1.666666666666665950e-02 6.944444444444444753e-02 -1.000000000000000056e-01 4.166666666666660537e-03 1.250000000000000000e-01 -4.027777777777778040e-02 -8.333333333333364443e-03 -5.555555555555555768e-03 -1.666666666666666644e-02 1.736111111111111188e-02 -4.722222222222222099e-02 1.041666666666665568e-03 -9.791666666666665186e-02 -1.006944444444444337e-02 -5.902777777777778317e-02 -1.388888888888888942e-03 -4.166666666666665741e-03 0.000000000000000000e+00 0.000000000000000000e+00 0.000000000000000000e+00 0.000000000000000000e+00 0.000000000000000000e+00 0.000000000000000000e+00 0.000000000000000000e+00 0.000000000000000000e+00 0.000000000000000000e+00 0.000000000000000000e+00 0.000000000000000000e+00 0.000000000000000000e+00 0.000000000000000000e+00 0.000000000000000000e+00 0.000000000000000000e+00 0.000000000000000000e+00 0.000000000000000000e+00 0.000000000000000000e+00 0.000000000000000000e+00 0.000000000000000000e+00 0.000000000000000000e+00 0.000000000000000000e+00 0.000000000000000000e+00 0.000000000000000000e+00 0.000000000000000000e+00 0.000000000000000000e+00 0.000000000000000000e+00 0.000000000000000000e+00 0.000000000000000000e+00 0.000000000000000000e+00 0.000000000000000000e+00 0.000000000000000000e+00 0.000000000000000000e+00 0.000000000000000000e+00 0.000000000000000000e+00 0.000000000000000000e+00 0.000000000000000000e+00 0.000000000000000000e+00 0.000000000000000000e+00 0.000000000000000000e+00 0.000000000000000000e+00 0.000000000000000000e+00 0.000000000000000000e+00 0.000000000000000000e+00 0.000000000000000000e+00 0.000000000000000000e+00 0.000000000000000000e+00 0.000000000000000000e+00 0.000000000000000000e+00 0.000000000000000000e+00
-4.722222222222222793e-02 -1.736111111111111535e-02 -9.722222222222223764e-02 -5.034722222222223764e-02 -4.444444444444443920e-02 2.951388888888889853e-02 -4.027777777777779428e-02 3.819444444444446141e-02 -9.999999999999997780e-02 0.000000000000000000e+00 8.888888888888887840e-02 1.734723475976807094e-18 3.444444444444444420e-01 -5.204170427930421283e-18 -2.777777777777777971e-02 0.000000000000000000e+00 -6.666666666666667962e-02 1.388888888888889159e-02 -1.666666666666670113e-02 4.027777777777778734e-02 1.166666666666666685e-01 -2.361111111111112090e-02 -3.333333333333333287e-02 -3.055555555555555455e-02 -8.333333333333333218e-03 3.472222222222222029e-03 -3.055555555555555802e-02 1.006944444444444510e-02 -2.777777777777777277e-02 -5.902777777777778491e-03 -9.722222222222225846e-03 -7.638888888888888638e-03 0.000000000000000000e+00 0.000000000000000000e+00 0.000000000000000000e+00 0.000000000000000000e+00 0.000000000000000000e+00 0.000000000000000000e+00 0.000000000000000000e+00 0.000000000000000000e+00 0.000000000000000000e+00 0.000000000000000000e+00 0.000000000000000000e+00 0.000000000000000000e+00 0.000000000000000000e+00 0.000000000000000000e+00 0.000000000000000000e+00 0.000000000000000000e+00 0.000000000000000000e+00 0.000000000000000000e+00 0.000000000000000000e+00 0.000000000000000000e+00 0.000000000000000000e+00 0.000000000000000000e+00 0.000000000000000000e+00 0.000000000000000000e+00 0.000000000000000000e+00 0.000000000000000000e+00 0.000000000000000000e+00 0.000000000000000000e+00 0.000000000000000000e+00 0.000000000000000000e+00 0.000000000000000000e+00 0.000000000000000000e+00 0.000000000000000000e+00 0.000000000000000000e+00 0.000000000000000000e+00 0.000000000000000000e+00 0.000000000000000000e+00 0.000000000000000000e+00 0.000000000000000000e+00 0.000000000000000000e+00 0.000000000000000000e+00 0.000000000000000000e+00 0.000000000000000000e+00 0.000000000000000000e+00 0.000000000000000000e+00 0.000000000000000000e+00 0.000000000000000000e+00 0.000000000000000000e+00 0.000000000000000000e+00 0.000000000000000000e+00
-1.736111111111111188e-02 -3.611111111111110772e-02 -7.118055555555555247e-02 -1.798611111111111382e-01 -2.951388888888888465e-02 -1.909722222222222376e-01 1.388888888888889506e-02 -5.138888888888892142e-02 0.000000000000000000e+00 -3.333333333333333287e-02 -4.770489558936219510e-18 2.194444444444444697e-01 -5.204170427930421283e-18 3.972222222222222543e-01 0.000000000000000000e+00 2.777777777777777624e-02 1.388888888888888812e-02 -3.333333333333332593e-02 5.694444444444445030e-02 -8.333333333333360973e-03 2.361111111111111743e-02 5.833333333333330650e-02 -1.111111111111111154e-02 -1.666666666666666644e-02 3.472222222222222463e-03 -8.333333333333333218e-03 1.423611111111111258e-02 -5.902777777777778317e-02 5.902777777777779358e-03 -7.013888888888888951e-02 -2.777777777777778317e-03 -1.527777777777777901e-02 0.000000000000000000e+00 0.000000000000000000e+00 0.000000000000000000e+00 0.000000000000000000e+00 0.000000000000000000e+00 0.000000000000000000e+00 0.000000000000000000e+00 0.000000000000000000e+00 0.000000000000000000e+00 0.000000000000000000e+00 0.000000000000000000e+00 0.000000000000000000e+00 0.000000000000000000e+00 0.000000000000000000e+00 0.000000000000000000e+00 0.000000000000000000e+00 0.000000000000000000e+00 0.000000000000000000e+00 0.000000000000000000e+00 0.000000000000000000e+00 0.000000000000000000e+00 0.000000000000000000e+00 0.000000000000000000e+00 0.000000000000000000e+00 0.000000000000000000e+00 0.000000000000000000e+00 0.000000000000000000e+00 0.000000000000000000e+00 0.000000000000000000e+00 0.000000000000000000e+00 0.000000000000000000e+00 0.000000000000000000e+00 0.000000000000000000e+00 0.000000000000000000e+00 0.000000000000000000e+00 0.000000000000000000e+00 0.000000000000000000e+00 0.000000000000000000e+00 0.000000000000000000e+00 0.000000000000000000e+00 0.000000000000000000e+00 0.000000000000000000e+00 0.000000000000000000e+00 0.000000000000000000e+00 0.000000000000000000e+00 0.000000000000000000e+00 0.000000000000000000e+00 0.000000000000000000e+00 0.000000000000000000e+00 0.000000000000000000e+00
0.000000000000000000e+00 0.000000000000000000e+00 -2.361111111111110702e-02 -6.944444444444443192e-03 -4.027777777777777346e-02 -1.388888888888888985e-02 2.222222222222221266e-02 2.083333333333333218e-02 0.000000000000000000e+00 0.000000000000000000e+00 -5.000000000000000278e-02 -4.336808689942017736e-19 -2.777777777777777971e-02 0.000000000000000000e+00 1.333333333333333315e-01 8.673617379884035472e-19 0.000000000000000000e+00 0.000000000000000000e+00 -3.333333333333332593e-02 5.555555555555555768e-03 -3.333333333333332593e-02 1.111111111111110980e-02 6.666666666666665186e-02 -1.666666666666666644e-02 0.000000000000000000e+00 0.000000000000000000e+00 -4.166666666666666609e-03 1.388888888888889159e-03 -9.722222222222220642e-03 2.777777777777778317e-03 -4.336808689942017736e-19 -4.166666666666668344e-03 0.000000000000000000e+00 0.000000000000000000e+00 0.000000000000000000e+00 0.000000000000000000e+00 0.000000000000000000e+00 0.000000000000000000e+00 0.000000000000000000e+00 0.000000000000000000e+00 0.000000000000000000e+00 0.000000000000000000e+00 0.000000000000000000e+00 0.000000000000000000e+00 0.000000000000000000e+00 0.000000000000000000e+00 0.000000000000000000e+00 0.000000000000000000e+00 0.000000000000000000e+00 0.000000000000000000e+00 0.000000000000000000e+00 0.000000000000000000e+00 0.000000000000000000e+00 0.000000000000000000e+00 0.000000000000000000e+00 0.000000000000000000e+00 0.000000000000000000e+00 0.000000000000000000e+00 0.000000000000000000e+00 0.000000000000000000e+00 0.000000000000000000e+00 0.000000000000000000e+00 0.000000000000000000e+00 0.000000000000000000e+00 0.000000000000000000e+00 0.000000000000000000e+00 0.000000000000000000e+00 0.000000000000000000e+00 0.000000000000000000e+00 0.000000000000000000e+00 0.000000000000000000e+00 0.000000000000000000e+00 0.000000000000000000e+00 0.000000000000000000e+00 0.000000000000000000e+00 0.000000000000000000e+00 0.000000000000000000e+00 0.000000000000000000e+00 0.000000000000000000e+00 0.000000000000000000e+00 0.000000000000000000e+00 0.000000000000000000e+00
0.000000000000000000e+00 0.000000000000000000e+00 -1.041666666666666435e-02 -1.805555555555554692e-02 -3.819444444444443365e-02 -5.138888888888887979e-02 -2.083333333333333912e-02 -1.388888888888890373e-02 0.000000000000000000e+00 0.000000000000000000e+00 -8.673617379884035472e-19 -1.666666666666665950e-02 0.000000000000000000e+00 2.777777777777777624e-02 8.673617379884035472e-19 9.999999999999999167e-02 0.000000000000000000e+00 0.000000000000000000e+00 8.333333333333333218e-03 -1.666666666666666297e-02 3.055555555555555455e-02 -1.666666666666666297e-02 1.666666666666666990e-02 3.333333333333331899e-02 0.000000000000000000e+00 0.000000000000000000e+00 2.083333333333333304e-03 -4.166666666666665741e-03 7.638888888888887771e-03 -1.527777777777777728e-02 4.166666666666666609e-03 -8.333333333333334952e-03 0.000000000000000000e+00 0.000000000000000000e+00 0.000000000000000000e+00 0.000000000000000000e+00 0.000000000000000000e+00 0.000000000000000000e+00 0.000000000000000000e+00 0.000000000000000000e+00 0.000000000000000000e+00 0.000000000000000000e+00 0.000000000000000000e+00 0.000000000000000000e+00 0.000000000000000000e+00 0.000000000000000000e+00 0.000000000000000000e+00 0.000000000000000000e+00 0.000000000000000000e+00 0.000000000000000000e+00 0.000000000000000000e+00 0.000000000000000000e+00 0.000000000000000000e+00 0.000000000000000000e+00 0.000000000000000000e+00 0.000000000000000000e+00 0.000000000000000000e+00 0.000000000000000000e+00 0.000000000000000000e+00 0.000000000000000000e+00 0.000000000000000000e+00 0.000000000000000000e+00 0.000000000000000000e+00 0.000000000000000000e+00 0.000000000000000000e+00 0.000000000000000000e+00 0.000000000000000000e+00 0.000000000000000000e+00 0.000000000000000000e+00 0.000000000000000000e+00 0.000000000000000000e+00 0.000000000000000000e+00 0.000000000000000000e+00 0.000000000000000000e+00 0.000000000000000000e+00 0.000000000000000000e+00 0.000000000000000000e+00 0.000000000000000000e+00 0.000000000000000000e+00 0.000000000000000000e+00 0.000000000000000000e+00 0.000000000000000000e+00
-1.111111111111110980e-02 -2.083333333333333912e-02 -3.611111111111110078e-02 1.736111111111111188e-02 -8.333333333333333218e-03 3.472222222222222029e-03 0.000000000000000000e+00 0.000000000000000000e+00 2.666666666666666630e-01 -8.333333333333332871e-02 -2.000000000000000666e-01 6.944444444444444753e-02 -6.666666666666667962e-02 1.388888888888888812e-02 0.000000000000000000e+00 0.000000000000000000e+00 5.777777777777778345e-01 -1.387778780781445676e-17 -2.555555555555556468e-01 1.040834085586084257e-17 -1.000000000000000056e-01 8.673617379884035472e-19 0.000000000000000000e+00 0.000000000000000000e+00 5.555555555555557329e-02 1.041666666666666990e-01 -1.750000000000000167e-01 -8.680555555555558023e-02 -4.722222222222222099e-02 -1.736111111111111188e-02 0.000000000000000000e+00 0.000000000000000000e+00 0.000000000000000000e+00 0.000000000000000000e+00 0.000000000000000000e+00 0.000000000000000000e+00 0.000000000000000000e+00 0.000000000000000000e+00 0.000000000000000000e+00 0.000000000000000000e+00 0.000000000000000000e+00 0.000000000000000000e+00 0.000000000000000000e+00 0.000000000000000000e+00 0.000000000000000000e+00 0.000000000000000000e+00 0.000000000000000000e+00 0.000000000000000000e+00 0.000000000000000000e+00 0.000000000000000000e+00 0.000000000000000000e+00 0.000000000000000000e+00 0.000000000000000000e+00 0.000000000000000000e+00 0.000000000000000000e+00 0.000000000000000000e+00 0.000000000000000000e+00 0.000000000000000000e+00 0.000000000000000000e+00 0.000000000000000000e+00 0.000000000000000000e+00 0.000000000000000000e+00 0.000000000000000000e+00 0.000000000000000000e+00 0.000000000000000000e+00 0.000000000000000000e+00 0.000000000000000000e+00 0.000000000000000000e+00 0.000000000000000000e+00 0.000000000000000000e+00 0.000000000000000000e+00 0.000000000000000000e+00 0.000000000000000000e+00 0.000000000000000000e+00 0.000000000000000000e+00 0.000000000000000000e+00 0.000000000000000000e+00 0.000000000000000000e+00 0.000000000000000000e+00 0.000000000000000000e+00 0.000000000000000000e+00 0.000000000000000000e+00
2.083333333333333912e-02 -5.555555555555555941e-02 1.736111111111111188e-02 -4.722222222222221405e-02 3.472222222222221596e-03 -8.333333333333331483e-03 0.000000000000000000e+00 0.000000000000000000e+00 8.333333333333334259e-02 1.333333333333333037e-01 6.944444444444444753e-02 -1.000000000000000056e-01 1.388888888888889159e-02 -3.333333333333332593e-02 0.000000000000000000e+00 0.000000000000000000e+00 -1.387778780781445676e-17 4.888888888888889284e-01 0.000000000000000000e+00 -1.111111111111113756e-02 0.000000000000000000e+00 -3.333333333333333981e-02 0.000000000000000000e+00 0.000000000000000000e+00 -1.041666666666666713e-01 -1.222222222222222460e-01 -8.680555555555555247e-02 -1.749999999999999889e-01 -1.736111111111110841e-02 -3.611111111111110078e-02 0.000000000000000000e+00 0.000000000000000000e+00 0.000000000000000000e+00 0.000000000000000000e+00 0.000000000000000000e+00 0.000000000000000000e+00 0.000000000000000000e+00 0.000000000000000000e+00 0.000000000000000000e+00 0.000000000000000000e+00 0.000000000000000000e+00 0.000000000000000000e+00 0.000000000000000000e+00 0.000000000000000000e+00 0.000000000000000000e+00 0.000000000000000000e+00 0.000000000000000000e+00 0.000000000000000000e+00 0.000000000000000000e+00 0.000000000000000000e+00 0.000000000000000000e+00 0.000000000000000000e+00 0.000000000000000000e+00 0.000000000000000000e+00 0.000000000000000000e+00 0.000000000000000000e+00 0.000000000000000000e+00 0.000000000000000000e+00 0.000000000000000000e+00 0.000000000000000000e+00 0.000000000000000000e+00 0.000000000000000000e+00 0.000000000000000000e+00 0.000000000000000000e+00 0.000000000000000000e+00 0.000000000000000000e+00 0.000000000000000000e+00 0.000000000000000000e+00 0.000000000000000000e+00 0.000000000000000000e+00 0.000000000000000000e+00 0.000000000000000000e+00 0.000000000000000000e+00 0.000000000000000000e+00 0.000000000000000000e+00 0.000000000000000000e+00 0.000000000000000000e+00 0.000000000000000000e+00 0.000000000000000000e+00 0.000000000000000000e+00 0.000000000000000000e+00 0.000000000000000000e+00
-3.611111111111110078e-02 -1.736111111111111188e-02 -3.333333333333333287e-02 1.041666666666663833e-03 -3.055555555555555108e-02 1.423611111111111258e-02 -4.166666666666665741e-03 2.083333333333333304e-03 -2.000000000000000111e-01 -6.944444444444443365e-02 2.500000000000000000e-01 4.166666666666660537e-03 -1.666666666666670113e-02 5.694444444444445030e-02 -3.333333333333332593e-02 8.333333333333333218e-03 -2.555555555555556468e-01 0.000000000000000000e+00 6.333333333333334147e-01 1.734723475976807094e-18 8.888888888888887840e-02 9.974659986866640793e-18 -5.000000000000000278e-02 0.000000000000000000e+00 -1.750000000000000444e-01 8.680555555555556635e-02 -1.666666666666670113e-02 -5.208333333333318299e-03 -9.722222222222223764e-02 -7.118055555555556635e-02 -2.361111111111111049e-02 -1.041666666666666956e-02 0.000000000000000000e+00 0.000000000000000000e+00 0.000000000000000000e+00 0.000000000000000000e+00 0.000000000000000000e+00 0.000000000000000000e+00 0.000000000000000000e+00 0.000000000000000000e+00 0.000000000000000000e+00 0.000000000000000000e+00 0.000000000000000000e+00 0.000000000000000000e+00 0.000000000000000000e+00 0.000000000000000000e+00 0.000000000000000000e+00 0.000000000000000000e+00 0.000000000000000000e+00 0.000000000000000000e+00 0.000000000000000000e+00 0.000000000000000000e+00 0.000000000000000000e+00 0.000000000000000000e+00 0.000000000000000000e+00 0.000000000000000000e+00 0.000000000000000000e+00 0.000000000000000000e+00 0.000000000000000000e+00 0.000000000000000000e+00 0.000000000000000000e+00 0.000000000000000000e+00 0.000000000000000000e+00 0.000000000000000000e+00 0.000000000000000000e+00 0.000000000000000000e+00 0.000000000000000000e+00 0.000000000000000000e+00 0.000000000000000000e+00 0.000000000000000000e+00 0.000000000000000000e+00 0.000000000000000000e+00 0.000000000000000000e+00 0.000000000000000000e+00 0.000000000000000000e+00 0.000000000000000000e+00 0.000000000000000000e+00 0.000000000000000000e+00 0.000000000000000000e+00 0.000000000000000000e+00 0.000000000000000000e+00 0.000000000000000000e+00
