4.000000000000000222e-01 1.250000000000000000e-01 -6.666666666666670737e-02 -8.333333333333335646e-02 -1.111111111111111327e-01 -4.166666666666667129e-02 6.666666666666665186e-02 8.333333333333334259e-02 -1.000000000000000194e-01 -5.555555555555555941e-02 -7.777777777777777901e-02 -2.777777777777777624e-02 -2.222222222222222307e-02 4.166666666666667129e-02 -5.555555555555555247e-02 -2.777777777777777971e-02 -3.333333333333333287e-02 -1.388888888888888812e-02 0.000000000000000000e+00 0.000000000000000000e+00 0.000000000000000000e+00 0.000000000000000000e+00 0.000000000000000000e+00 0.000000000000000000e+00 0.000000000000000000e+00 0.000000000000000000e+00 0.000000000000000000e+00 0.000000000000000000e+00 0.000000000000000000e+00 0.000000000000000000e+00 0.000000000000000000e+00 0.000000000000000000e+00 0.000000000000000000e+00 0.000000000000000000e+00 0.000000000000000000e+00 0.000000000000000000e+00 0.000000000000000000e+00 0.000000000000000000e+00 0.000000000000000000e+00 0.000000000000000000e+00 0.000000000000000000e+00 0.000000000000000000e+00 0.000000000000000000e+00 0.000000000000000000e+00
1.250000000000000000e-01 4.000000000000000777e-01 8.333333333333334259e-02 6.666666666666663799e-02 4.166666666666667129e-02 -2.222222222222223001e-02 -8.333333333333337034e-02 -6.666666666666670737e-02 -5.555555555555555941e-02 -1.000000000000000333e-01 -2.777777777777777971e-02 -5.555555555555555941e-02 -4.166666666666667129e-02 -1.111111111111110911e-01 -2.777777777777777971e-02 -7.777777777777777901e-02 -1.388888888888888812e-02 -3.333333333333333287e-02 0.000000000000000000e+00 0.000000000000000000e+00 0.000000000000000000e+00 0.000000000000000000e+00 0.000000000000000000e+00 0.000000000000000000e+00 0.000000000000000000e+00 0.000000000000000000e+00 0.000000000000000000e+00 0.000000000000000000e+00 0.000000000000000000e+00 0.000000000000000000e+00 0.000000000000000000e+00 0.000000000000000000e+00 0.000000000000000000e+00 0.000000000000000000e+00 0.000000000000000000e+00 0.000000000000000000e+00 0.000000000000000000e+00 0.000000000000000000e+00 0.000000000000000000e+00 0.000000000000000000e+00 0.000000000000000000e+00 0.000000000000000000e+00 0.000000000000000000e+00 0.000000000000000000e+00
-6.666666666666670737e-02 8.333333333333334259e-02 3.555555555555556801e-01 9.608741753652783046e-18 -6.666666666666673513e-02 -8.333333333333335646e-02 -1.000000000000000194e-01 5.555555555555555941e-02 8.888888888888893391e-02 9.215718466126787689e-18 -1.000000000000000472e-01 -5.555555555555555247e-02 -5.555555555555555247e-02 2.777777777777777624e-02 1.951563910473907981e-17 3.903127820947815962e-18 -5.555555555555556635e-02 -2.777777777777777624e-02 0.000000000000000000e+00 0.000000000000000000e+00 0.000000000000000000e+00 0.000000000000000000e+00 0.000000000000000000e+00 0.000000000000000000e+00 0.000000000000000000e+00 0.000000000000000000e+00 0.000000000000000000e+00 0.000000000000000000e+00 0.000000000000000000e+00 0.000000000000000000e+00 0.000000000000000000e+00 0.000000000000000000e+00 0.000000000000000000e+00 0.000000000000000000e+00 0.000000000000000000e+00 0.000000000000000000e+00 0.000000000000000000e+00 0.000000000000000000e+00 0.000000000000000000e+00 0.000000000000000000e+00 0.000000000000000000e+00 0.000000000000000000e+00 0.000000000000000000e+00 0.000000000000000000e+00
-8.333333333333335646e-02 6.666666666666663799e-02 9.608741753652783046e-18 3.111111111111112271e-01 8.333333333333334259e-02 6.666666666666665186e-02 5.555555555555557329e-02 -1.000000000000000333e-01 7.887570804832044757e-18 -2.222222222222220919e-02 -5.555555555555555941e-02 -1.000000000000000333e-01 2.777777777777777971e-02 -7.777777777777777901e-02 -2.005774019098183203e-18 -6.666666666666665186e-02 -2.777777777777778664e-02 -7.777777777777777901e-02 0.000000000000000000e+00 0.000000000000000000e+00 0.000000000000000000e+00 0.000000000000000000e+00 0.000000000000000000e+00 0.000000000000000000e+00 0.000000000000000000e+00 0.000000000000000000e+00 0.000000000000000000e+00 0.000000000000000000e+00 0.000000000000000000e+00 0.000000000000000000e+00 0.000000000000000000e+00 0.000000000000000000e+00 0.000000000000000000e+00 0.000000000000000000e+00 0.000000000000000000e+00 0.000000000000000000e+00 0.000000000000000000e+00 0.000000000000000000e+00 0.000000000000000000e+00 0.000000000000000000e+00 0.000000000000000000e+00 0.000000000000000000e+00 0.000000000000000000e+00 0.000000000000000000e+00
-1.111111111111111327e-01 4.166666666666667129e-02 -6.666666666666673513e-02 8.333333333333334259e-02 4.000000000000000777e-01 -1.250000000000000000e-01 -7.777777777777777901e-02 2.777777777777777624e-02 -1.000000000000000194e-01 5.555555555555556635e-02 6.666666666666672125e-02 -8.333333333333334259e-02 -3.333333333333333287e-02 1.388888888888888812e-02 -5.555555555555555941e-02 2.777777777777778664e-02 -2.222222222222223348e-02 -4.166666666666667129e-02 0.000000000000000000e+00 0.000000000000000000e+00 0.000000000000000000e+00 0.000000000000000000e+00 0.000000000000000000e+00 0.000000000000000000e+00 0.000000000000000000e+00 0.000000000000000000e+00 0.000000000000000000e+00 0.000000000000000000e+00 0.000000000000000000e+00 0.000000000000000000e+00 0.000000000000000000e+00 0.000000000000000000e+00 0.000000000000000000e+00 0.000000000000000000e+00 0.000000000000000000e+00 0.000000000000000000e+00 0.000000000000000000e+00 0.000000000000000000e+00 0.000000000000000000e+00 0.000000000000000000e+00 0.000000000000000000e+00 0.000000000000000000e+00 0.000000000000000000e+00 0.000000000000000000e+00
-4.166666666666667129e-02 -2.222222222222223001e-02 -8.333333333333335646e-02 6.666666666666665186e-02 -1.250000000000000000e-01 3.999999999999999667e-01 2.777777777777777971e-02 -5.555555555555555247e-02 5.555555555555555247e-02 -9.999999999999997780e-02 8.333333333333334259e-02 -6.666666666666658247e-02 1.388888888888888985e-02 -3.333333333333333287e-02 2.777777777777777624e-02 -7.777777777777777901e-02 4.166666666666667129e-02 -1.111111111111111327e-01 0.000000000000000000e+00 0.000000000000000000e+00 0.000000000000000000e+00 0.000000000000000000e+00 0.000000000000000000e+00 0.000000000000000000e+00 0.000000000000000000e+00 0.000000000000000000e+00 0.000000000000000000e+00 0.000000000000000000e+00 0.000000000000000000e+00 0.000000000000000000e+00 0.000000000000000000e+00 0.000000000000000000e+00 0.000000000000000000e+00 0.000000000000000000e+00 0.000000000000000000e+00 0.000000000000000000e+00 0.000000000000000000e+00 0.000000000000000000e+00 0.000000000000000000e+00 0.000000000000000000e+00 0.000000000000000000e+00 0.000000000000000000e+00 0.000000000000000000e+00 0.000000000000000000e+00
6.666666666666665186e-02 -8.333333333333337034e-02 -1.000000000000000194e-01 5.555555555555557329e-02 -7.777777777777777901e-02 2.777777777777777971e-02 3.111111111111111716e-01 4.743384504624081899e-20 -2.222222222222223348e-02 5.583641188300347835e-18 -6.666666666666665186e-02 6.505213034913026604e-19 6.666666666666667962e-02 8.333333333333335646e-02 -1.000000000000000194e-01 -5.555555555555555247e-02 -7.777777777777777901e-02 -2.777777777777777971e-02 0.000000000000000000e+00 0.000000000000000000e+00 0.000000000000000000e+00 0.000000000000000000e+00 0.000000000000000000e+00 0.000000000000000000e+00 0.000000000000000000e+00 0.000000000000000000e+00 0.000000000000000000e+00 0.000000000000000000e+00 0.000000000000000000e+00 0.000000000000000000e+00 0.000000000000000000e+00 0.000000000000000000e+00 0.000000000000000000e+00 0.000000000000000000e+00 0.000000000000000000e+00 0.000000000000000000e+00 0.000000000000000000e+00 0.000000000000000000e+00 0.000000000000000000e+00 0.000000000000000000e+00 0.000000000000000000e+00 0.000000000000000000e+00 0.000000000000000000e+00 0.000000000000000000e+00
8.333333333333334259e-02 -6.666666666666670737e-02 5.555555555555555941e-02 -1.000000000000000333e-01 2.777777777777777624e-02 -5.555555555555555247e-02 4.743384504624081899e-20 3.555555555555555691e-01 2.168404344971008868e-19 8.888888888888890616e-02 -1.301042606982605321e-18 7.155734338404329264e-18 -8.333333333333334259e-02 -6.666666666666663799e-02 -5.555555555555555247e-02 -1.000000000000000056e-01 -2.777777777777777624e-02 -5.555555555555555247e-02 0.000000000000000000e+00 0.000000000000000000e+00 0.000000000000000000e+00 0.000000000000000000e+00 0.000000000000000000e+00 0.000000000000000000e+00 0.000000000000000000e+00 0.000000000000000000e+00 0.000000000000000000e+00 0.000000000000000000e+00 0.000000000000000000e+00 0.000000000000000000e+00 0.000000000000000000e+00 0.000000000000000000e+00 0.000000000000000000e+00 0.000000000000000000e+00 0.000000000000000000e+00 0.000000000000000000e+00 0.000000000000000000e+00 0.000000000000000000e+00 0.000000000000000000e+00 0.000000000000000000e+00 0.000000000000000000e+00 0.000000000000000000e+00 0.000000000000000000e+00 0.000000000000000000e+00
-1.000000000000000194e-01 -5.555555555555555941e-02 8.888888888888893391e-02 7.887570804832044757e-18 -1.000000000000000194e-01 5.555555555555555247e-02 -2.222222222222223348e-02 2.168404344971008868e-19 2.666666666666667185e-01 2.602085213965210642e-18 -2.222222222222226470e-02 8.673617379884035472e-19 -1.000000000000000056e-01 5.555555555555555941e-02 8.888888888888889228e-02 -3.469446951953614189e-18 -1.000000000000000056e-01 -5.555555555555555941e-02 0.000000000000000000e+00 0.000000000000000000e+00 0.000000000000000000e+00 0.000000000000000000e+00 0.000000000000000000e+00 0.000000000000000000e+00 0.000000000000000000e+00 0.000000000000000000e+00 0.000000000000000000e+00 0.000000000000000000e+00 0.000000000000000000e+00 0.000000000000000000e+00 0.000000000000000000e+00 0.000000000000000000e+00 0.000000000000000000e+00 0.000000000000000000e+00 0.000000000000000000e+00 0.000000000000000000e+00 0.000000000000000000e+00 0.000000000000000000e+00 0.000000000000000000e+00 0.000000000000000000e+00 0.000000000000000000e+00 0.000000000000000000e+00 0.000000000000000000e+00 0.000000000000000000e+00
-5.555555555555555941e-02 -1.000000000000000333e-01 9.215718466126787689e-18 -2.222222222222220919e-02 5.555555555555556635e-02 -9.999999999999997780e-02 5.583641188300347835e-18 8.888888888888890616e-02 2.602085213965210642e-18 2.666666666666667185e-01 -3.469446951953614189e-18 8.888888888888885065e-02 5.555555555555555941e-02 -1.000000000000000056e-01 -2.602085213965210642e-18 -2.222222222222221266e-02 -5.555555555555558023e-02 -1.000000000000000056e-01 0.000000000000000000e+00 0.000000000000000000e+00 0.000000000000000000e+00 0.000000000000000000e+00 0.000000000000000000e+00 0.000000000000000000e+00 0.000000000000000000e+00 0.000000000000000000e+00 0.000000000000000000e+00 0.000000000000000000e+00 0.000000000000000000e+00 0.000000000000000000e+00 0.000000000000000000e+00 0.000000000000000000e+00 0.000000000000000000e+00 0.000000000000000000e+00 0.000000000000000000e+00 0.000000000000000000e+00 0.000000000000000000e+00 0.000000000000000000e+00 0.000000000000000000e+00 0.000000000000000000e+00 0.000000000000000000e+00 0.000000000000000000e+00 0.000000000000000000e+00 0.000000000000000000e+00
-7.777777777777777901e-02 -2.777777777777777971e-02 -1.000000000000000472e-01 -5.555555555555555941e-02 6.666666666666672125e-02 8.333333333333334259e-02 -6.666666666666665186e-02 -1.301042606982605321e-18 -2.222222222222226470e-02 -3.469446951953614189e-18 3.111111111111111716e-01 1.387778780781445676e-17 -7.777777777777777901e-02 2.777777777777777624e-02 -9.999999999999997780e-02 5.555555555555554553e-02 6.666666666666665186e-02 -8.333333333333334259e-02 0.000000000000000000e+00 0.000000000000000000e+00 0.000000000000000000e+00 0.000000000000000000e+00 0.000000000000000000e+00 0.000000000000000000e+00 0.000000000000000000e+00 0.000000000000000000e+00 0.000000000000000000e+00 0.000000000000000000e+00 0.000000000000000000e+00 0.000000000000000000e+00 0.000000000000000000e+00 0.000000000000000000e+00 0.000000000000000000e+00 0.000000000000000000e+00 0.000000000000000000e+00 0.000000000000000000e+00 0.000000000000000000e+00 0.000000000000000000e+00 0.000000000000000000e+00 0.000000000000000000e+00 0.000000000000000000e+00 0.000000000000000000e+00 0.000000000000000000e+00 0.000000000000000000e+00
-2.777777777777777624e-02 -5.555555555555555941e-02 -5.555555555555555247e-02 -1.000000000000000333e-01 -8.333333333333334259e-02 -6.666666666666658247e-02 6.505213034913026604e-19 7.155734338404329264e-18 8.673617379884035472e-19 8.888888888888885065e-02 1.387778780781445676e-17 3.555555555555555691e-01 2.777777777777777624e-02 -5.555555555555555247e-02 5.555555555555554553e-02 -1.000000000000000056e-01 8.333333333333334259e-02 -6.666666666666667962e-02 0.000000000000000000e+00 0.000000000000000000e+00 0.000000000000000000e+00 0.000000000000000000e+00 0.000000000000000000e+00 0.000000000000000000e+00 0.000000000000000000e+00 0.000000000000000000e+00 0.000000000000000000e+00 0.000000000000000000e+00 0.000000000000000000e+00 0.000000000000000000e+00 0.000000000000000000e+00 0.000000000000000000e+00 0.000000000000000000e+00 0.000000000000000000e+00 0.000000000000000000e+00 0.000000000000000000e+00 0.000000000000000000e+00 0.000000000000000000e+00 0.000000000000000000e+00 0.000000000000000000e+00 0.000000000000000000e+00 0.000000000000000000e+00 0.000000000000000000e+00 0.000000000000000000e+00
-2.222222222222222307e-02 -4.166666666666667129e-02 -5.555555555555555247e-02 2.777777777777777971e-02 -3.333333333333333287e-02 1.388888888888888985e-02 6.666666666666667962e-02 -8.333333333333334259e-02 -1.000000000000000056e-01 5.555555555555555941e-02 -7.777777777777777901e-02 2.777777777777777624e-02 3.999999999999999667e-01 -1.250000000000000000e-01 -6.666666666666670737e-02 8.333333333333335646e-02 -1.111111111111111049e-01 4.166666666666666435e-02 0.000000000000000000e+00 0.000000000000000000e+00 0.000000000000000000e+00 0.000000000000000000e+00 0.000000000000000000e+00 0.000000000000000000e+00 0.000000000000000000e+00 0.000000000000000000e+00 0.000000000000000000e+00 0.000000000000000000e+00 0.000000000000000000e+00 0.000000000000000000e+00 0.000000000000000000e+00 0.000000000000000000e+00 0.000000000000000000e+00 0.000000000000000000e+00 0.000000000000000000e+00 0.000000000000000000e+00 0.000000000000000000e+00 0.000000000000000000e+00 0.000000000000000000e+00 0.000000000000000000e+00 0.000000000000000000e+00 0.000000000000000000e+00 0.000000000000000000e+00 0.000000000000000000e+00
4.166666666666667129e-02 -1.111111111111110911e-01 2.777777777777777624e-02 -7.777777777777777901e-02 1.388888888888888812e-02 -3.333333333333333287e-02 8.333333333333335646e-02 -6.666666666666663799e-02 5.555555555555555941e-02 -1.000000000000000056e-01 2.777777777777777624e-02 -5.555555555555555247e-02 -1.250000000000000000e-01 4.000000000000000222e-01 -8.333333333333332871e-02 6.666666666666662411e-02 -4.166666666666667129e-02 -2.222222222222222654e-02 0.000000000000000000e+00 0.000000000000000000e+00 0.000000000000000000e+00 0.000000000000000000e+00 0.000000000000000000e+00 0.000000000000000000e+00 0.000000000000000000e+00 0.000000000000000000e+00 0.000000000000000000e+00 0.000000000000000000e+00 0.000000000000000000e+00 0.000000000000000000e+00 0.000000000000000000e+00 0.000000000000000000e+00 0.000000000000000000e+00 0.000000000000000000e+00 0.000000000000000000e+00 0.000000000000000000e+00 0.000000000000000000e+00 0.000000000000000000e+00 0.000000000000000000e+00 0.000000000000000000e+00 0.000000000000000000e+00 0.000000000000000000e+00 0.000000000000000000e+00 0.000000000000000000e+00
-5.555555555555555247e-02 -2.777777777777777971e-02 1.951563910473907981e-17 -2.005774019098183203e-18 -5.555555555555555941e-02 2.777777777777777624e-02 -1.000000000000000194e-01 -5.555555555555555247e-02 8.888888888888889228e-02 -2.602085213965210642e-18 -9.999999999999997780e-02 5.555555555555554553e-02 -6.666666666666670737e-02 -8.333333333333332871e-02 3.555555555555555691e-01 6.938893903907228378e-18 -6.666666666666662411e-02 8.333333333333334259e-02 0.000000000000000000e+00 0.000000000000000000e+00 0.000000000000000000e+00 0.000000000000000000e+00 0.000000000000000000e+00 0.000000000000000000e+00 0.000000000000000000e+00 0.000000000000000000e+00 0.000000000000000000e+00 0.000000000000000000e+00 0.000000000000000000e+00 0.000000000000000000e+00 0.000000000000000000e+00 0.000000000000000000e+00 0.000000000000000000e+00 0.000000000000000000e+00 0.000000000000000000e+00 0.000000000000000000e+00 0.000000000000000000e+00 0.000000000000000000e+00 0.000000000000000000e+00 0.000000000000000000e+00 0.000000000000000000e+00 0.000000000000000000e+00 0.000000000000000000e+00 0.000000000000000000e+00
-2.777777777777777971e-02 -7.777777777777777901e-02 3.903127820947815962e-18 -6.666666666666665186e-02 2.777777777777778664e-02 -7.777777777777777901e-02 -5.555555555555555247e-02 -1.000000000000000056e-01 -3.469446951953614189e-18 -2.222222222222221266e-02 5.555555555555554553e-02 -1.000000000000000056e-01 8.333333333333335646e-02 6.666666666666662411e-02 6.938893903907228378e-18 3.111111111111111160e-01 -8.333333333333332871e-02 6.666666666666667962e-02 0.000000000000000000e+00 0.000000000000000000e+00 0.000000000000000000e+00 0.000000000000000000e+00 0.000000000000000000e+00 0.000000000000000000e+00 0.000000000000000000e+00 0.000000000000000000e+00 0.000000000000000000e+00 0.000000000000000000e+00 0.000000000000000000e+00 0.000000000000000000e+00 0.000000000000000000e+00 0.000000000000000000e+00 0.000000000000000000e+00 0.000000000000000000e+00 0.000000000000000000e+00 0.000000000000000000e+00 0.000000000000000000e+00 0.000000000000000000e+00 0.000000000000000000e+00 0.000000000000000000e+00 0.000000000000000000e+00 0.000000000000000000e+00 0.000000000000000000e+00 0.000000000000000000e+00
-3.333333333333333287e-02 -1.388888888888888812e-02 -5.555555555555556635e-02 -2.777777777777778664e-02 -2.222222222222223348e-02 4.166666666666667129e-02 -7.777777777777777901e-02 -2.777777777777777624e-02 -1.000000000000000056e-01 -5.555555555555558023e-02 6.666666666666665186e-02 8.333333333333334259e-02 -1.111111111111111049e-01 -4.166666666666667129e-02 -6.666666666666662411e-02 -8.333333333333332871e-02 4.000000000000000222e-01 1.250000000000000000e-01 0.000000000000000000e+00 0.000000000000000000e+00 0.000000000000000000e+00 0.000000000000000000e+00 0.000000000000000000e+00 0.000000000000000000e+00 0.000000000000000000e+00 0.000000000000000000e+00 0.000000000000000000e+00 0.000000000000000000e+00 0.000000000000000000e+00 0.000000000000000000e+00 0.000000000000000000e+00 0.000000000000000000e+00 0.000000000000000000e+00 0.000000000000000000e+00 0.000000000000000000e+00 0.000000000000000000e+00 0.000000000000000000e+00 0.000000000000000000e+00 0.000000000000000000e+00 0.000000000000000000e+00 0.000000000000000000e+00 0.000000000000000000e+00 0.000000000000000000e+00 0.000000000000000000e+00
-1.388888888888888812e-02 -3.333333333333333287e-02 -2.777777777777777624e-02 -7.777777777777777901e-02 -4.166666666666667129e-02 -1.111111111111111327e-01 -2.777777777777777971e-02 -5.555555555555555247e-02 -5.555555555555555941e-02 -1.000000000000000056e-01 -8.333333333333334259e-02 -6.666666666666667962e-02 4.166666666666666435e-02 -2.222222222222222654e-02 8.333333333333334259e-02 6.666666666666667962e-02 1.250000000000000000e-01 4.000000000000000222e-01 0.000000000000000000e+00 0.000000000000000000e+00 0.000000000000000000e+00 0.000000000000000000e+00 0.000000000000000000e+00 0.000000000000000000e+00 0.000000000000000000e+00 0.000000000000000000e+00 0.000000000000000000e+00 0.000000000000000000e+00 0.000000000000000000e+00 0.000000000000000000e+00 0.000000000000000000e+00 0.000000000000000000e+00 0.000000000000000000e+00 0.000000000000000000e+00 0.000000000000000000e+00 0.000000000000000000e+00 0.000000000000000000e+00 0.000000000000000000e+00 0.000000000000000000e+00 0.000000000000000000e+00 0.000000000000000000e+00 0.000000000000000000e+00 0.000000000000000000e+00 0.000000000000000000e+00
0.000000000000000000e+00 0.000000000000000000e+00 0.000000000000000000e+00 0.000000000000000000e+00 0.000000000000000000e+00 0.000000000000000000e+00 0.000000000000000000e+00 0.000000000000000000e+00 0.000000000000000000e+00 0.000000000000000000e+00 0.000000000000000000e+00 0.000000000000000000e+00 0.000000000000000000e+00 0.000000000000000000e+00 0.000000000000000000e+00 0.000000000000000000e+00 0.000000000000000000e+00 0.000000000000000000e+00 4.000000000000000222e-01 1.250000000000000278e-01 -6.666666666666670737e-02 -8.333333333333334259e-02 -1.111111111111110772e-01 -4.166666666666667823e-02 6.666666666666666574e-02 8.333333333333335646e-02 -1.000000000000000472e-01 -5.555555555555555941e-02 -7.777777777777779289e-02 -2.777777777777778317e-02 -2.222222222222221266e-02 4.166666666666667129e-02 -5.555555555555555247e-02 -2.777777777777777624e-02 -3.333333333333333287e-02 -1.388888888888888812e-02 0.000000000000000000e+00 0.000000000000000000e+00 0.000000000000000000e+00 0.000000000000000000e+00 0.000000000000000000e+00 0.000000000000000000e+00 0.000000000000000000e+00 0.000000000000000000e+00
0.000000000000000000e+00 0.000000000000000000e+00 0.000000000000000000e+00 0.000000000000000000e+00 0.000000000000000000e+00 0.000000000000000000e+00 0.000000000000000000e+00 0.000000000000000000e+00 0.000000000000000000e+00 0.000000000000000000e+00 0.000000000000000000e+00 0.000000000000000000e+00 0.000000000000000000e+00 0.000000000000000000e+00 0.000000000000000000e+00 0.000000000000000000e+00 0.000000000000000000e+00 0.000000000000000000e+00 1.250000000000000278e-01 3.999999999999999667e-01 8.333333333333334259e-02 6.666666666666667962e-02 4.166666666666665741e-02 -2.222222222222218838e-02 -8.333333333333335646e-02 -6.666666666666667962e-02 -5.555555555555555247e-02 -1.000000000000000333e-01 -2.777777777777777277e-02 -5.555555555555556635e-02 -4.166666666666667823e-02 -1.111111111111111049e-01 -2.777777777777777971e-02 -7.777777777777777901e-02 -1.388888888888888812e-02 -3.333333333333333287e-02 0.000000000000000000e+00 0.000000000000000000e+00 0.000000000000000000e+00 0.000000000000000000e+00 0.000000000000000000e+00 0.000000000000000000e+00 0.000000000000000000e+00 0.000000000000000000e+00
0.000000000000000000e+00 0.000000000000000000e+00 0.000000000000000000e+00 0.000000000000000000e+00 0.000000000000000000e+00 0.000000000000000000e+00 0.000000000000000000e+00 0.000000000000000000e+00 0.000000000000000000e+00 0.000000000000000000e+00 0.000000000000000000e+00 0.000000000000000000e+00 0.000000000000000000e+00 0.000000000000000000e+00 0.000000000000000000e+00 0.000000000000000000e+00 0.000000000000000000e+00 0.000000000000000000e+00 -6.666666666666670737e-02 8.333333333333334259e-02 3.555555555555556246e-01 4.084054058481334515e-17 -6.666666666666666574e-02 -8.333333333333338422e-02 -1.000000000000000472e-01 5.555555555555555941e-02 8.888888888888893391e-02 1.279358563532895232e-17 -1.000000000000001027e-01 -5.555555555555557329e-02 -5.555555555555555941e-02 2.777777777777777971e-02 3.014082039509702327e-17 2.602085213965210642e-18 -5.555555555555557329e-02 -2.777777777777777624e-02 0.000000000000000000e+00 0.000000000000000000e+00 0.000000000000000000e+00 0.000000000000000000e+00 0.000000000000000000e+00 0.000000000000000000e+00 0.000000000000000000e+00 0.000000000000000000e+00
0.000000000000000000e+00 0.000000000000000000e+00 0.000000000000000000e+00 0.000000000000000000e+00 0.000000000000000000e+00 0.000000000000000000e+00 0.000000000000000000e+00 0.000000000000000000e+00 0.000000000000000000e+00 0.000000000000000000e+00 0.000000000000000000e+00 0.000000000000000000e+00 0.000000000000000000e+00 0.000000000000000000e+00 0.000000000000000000e+00 0.000000000000000000e+00 0.000000000000000000e+00 0.000000000000000000e+00 -8.333333333333334259e-02 6.666666666666667962e-02 4.084054058481334515e-17 3.111111111111112826e-01 8.333333333333330095e-02 6.666666666666673513e-02 5.555555555555557329e-02 -1.000000000000000472e-01 1.653408313040394262e-17 -2.222222222222222654e-02 -5.555555555555557329e-02 -1.000000000000001443e-01 2.777777777777777971e-02 -7.777777777777779289e-02 1.301042606982605321e-18 -6.666666666666665186e-02 -2.777777777777779011e-02 -7.777777777777780677e-02 0.000000000000000000e+00 0.000000000000000000e+00 0.000000000000000000e+00 0.000000000000000000e+00 0.000000000000000000e+00 0.000000000000000000e+00 0.000000000000000000e+00 0.000000000000000000e+00
0.000000000000000000e+00 0.000000000000000000e+00 0.000000000000000000e+00 0.000000000000000000e+00 0.000000000000000000e+00 0.000000000000000000e+00 0.000000000000000000e+00 0.000000000000000000e+00 0.000000000000000000e+00 0.000000000000000000e+00 0.000000000000000000e+00 0.000000000000000000e+00 0.000000000000000000e+00 0.000000000000000000e+00 0.000000000000000000e+00 0.000000000000000000e+00 0.000000000000000000e+00 0.000000000000000000e+00 -1.111111111111110772e-01 4.166666666666665741e-02 -6.666666666666666574e-02 8.333333333333330095e-02 3.999999999999999112e-01 -1.249999999999999306e-01 -7.777777777777776513e-02 2.777777777777777277e-02 -9.999999999999999167e-02 5.555555555555555247e-02 6.666666666666672125e-02 -8.333333333333331483e-02 -3.333333333333333287e-02 1.388888888888888812e-02 -5.555555555555555941e-02 2.777777777777778317e-02 -2.222222222222221960e-02 -4.166666666666667129e-02 0.000000000000000000e+00 0.000000000000000000e+00 0.000000000000000000e+00 0.000000000000000000e+00 0.000000000000000000e+00 0.000000000000000000e+00 0.000000000000000000e+00 0.000000000000000000e+00
0.000000000000000000e+00 0.000000000000000000e+00 0.000000000000000000e+00 0.000000000000000000e+00 0.000000000000000000e+00 0.000000000000000000e+00 0.000000000000000000e+00 0.000000000000000000e+00 0.000000000000000000e+00 0.000000000000000000e+00 0.000000000000000000e+00 0.000000000000000000e+00 0.000000000000000000e+00 0.000000000000000000e+00 0.000000000000000000e+00 0.000000000000000000e+00 0.000000000000000000e+00 0.000000000000000000e+00 -4.166666666666667823e-02 -2.222222222222218838e-02 -8.333333333333338422e-02 6.666666666666673513e-02 -1.249999999999999306e-01 3.999999999999997446e-01 2.777777777777777624e-02 -5.555555555555553859e-02 5.555555555555553165e-02 -9.999999999999995004e-02 8.333333333333334259e-02 -6.666666666666658247e-02 1.388888888888888985e-02 -3.333333333333332593e-02 2.777777777777777624e-02 -7.777777777777776513e-02 4.166666666666667129e-02 -1.111111111111111327e-01 0.000000000000000000e+00 0.000000000000000000e+00 0.000000000000000000e+00 0.000000000000000000e+00 0.000000000000000000e+00 0.000000000000000000e+00 0.000000000000000000e+00 0.000000000000000000e+00
0.000000000000000000e+00 0.000000000000000000e+00 0.000000000000000000e+00 0.000000000000000000e+00 0.000000000000000000e+00 0.000000000000000000e+00 0.000000000000000000e+00 0.000000000000000000e+00 0.000000000000000000e+00 0.000000000000000000e+00 0.000000000000000000e+00 0.000000000000000000e+00 0.000000000000000000e+00 0.000000000000000000e+00 0.000000000000000000e+00 0.000000000000000000e+00 0.000000000000000000e+00 0.000000000000000000e+00 6.666666666666666574e-02 -8.333333333333335646e-02 -1.000000000000000472e-01 5.555555555555557329e-02 -7.777777777777776513e-02 2.777777777777777624e-02 3.111111111111111716e-01 -3.300040362502754121e-18 -2.222222222222224736e-02 8.185726402265558477e-18 -6.666666666666665186e-02 -2.710505431213761085e-19 6.666666666666667962e-02 8.333333333333334259e-02 -1.000000000000000194e-01 -5.555555555555555941e-02 -7.777777777777777901e-02 -2.777777777777777624e-02 0.000000000000000000e+00 0.000000000000000000e+00 0.000000000000000000e+00 0.000000000000000000e+00 0.000000000000000000e+00 0.000000000000000000e+00 0.000000000000000000e+00 0.000000000000000000e+00
0.000000000000000000e+00 0.000000000000000000e+00 0.000000000000000000e+00 0.000000000000000000e+00 0.000000000000000000e+00 0.000000000000000000e+00 0.000000000000000000e+00 0.000000000000000000e+00 0.000000000000000000e+00 0.000000000000000000e+00 0.000000000000000000e+00 0.000000000000000000e+00 0.000000000000000000e+00 0.000000000000000000e+00 0.000000000000000000e+00 0.000000000000000000e+00 0.000000000000000000e+00 0.000000000000000000e+00 8.333333333333335646e-02 -6.666666666666667962e-02 5.555555555555555941e-02 -1.000000000000000472e-01 2.777777777777777277e-02 -5.555555555555553859e-02 -3.300040362502754121e-18 3.555555555555556246e-01 4.662069341687669066e-18 8.888888888888889228e-02 -4.336808689942017736e-19 8.023096076392732812e-18 -8.333333333333335646e-02 -6.666666666666667962e-02 -5.555555555555555941e-02 -1.000000000000000333e-01 -2.777777777777777624e-02 -5.555555555555555247e-02 0.000000000000000000e+00 0.000000000000000000e+00 0.000000000000000000e+00 0.000000000000000000e+00 0.000000000000000000e+00 0.000000000000000000e+00 0.000000000000000000e+00 0.000000000000000000e+00
0.000000000000000000e+00 0.000000000000000000e+00 0.000000000000000000e+00 0.000000000000000000e+00 0.000000000000000000e+00 0.000000000000000000e+00 0.000000000000000000e+00 0.000000000000000000e+00 0.000000000000000000e+00 0.000000000000000000e+00 0.000000000000000000e+00 0.000000000000000000e+00 0.000000000000000000e+00 0.000000000000000000e+00 0.000000000000000000e+00 0.000000000000000000e+00 0.000000000000000000e+00 0.000000000000000000e+00 -1.000000000000000472e-01 -5.555555555555555247e-02 8.888888888888893391e-02 1.653408313040394262e-17 -9.999999999999999167e-02 5.555555555555553165e-02 -2.222222222222224736e-02 4.662069341687669066e-18 2.666666666666668295e-01 7.372574772901430151e-18 -2.222222222222227511e-02 -6.071532165918824830e-18 -1.000000000000000194e-01 5.555555555555555247e-02 8.888888888888892004e-02 -1.734723475976807094e-18 -1.000000000000000333e-01 -5.555555555555555247e-02 0.000000000000000000e+00 0.000000000000000000e+00 0.000000000000000000e+00 0.000000000000000000e+00 0.000000000000000000e+00 0.000000000000000000e+00 0.000000000000000000e+00 0.000000000000000000e+00
0.000000000000000000e+00 0.000000000000000000e+00 0.000000000000000000e+00 0.000000000000000000e+00 0.000000000000000000e+00 0.000000000000000000e+00 0.000000000000000000e+00 0.000000000000000000e+00 0.000000000000000000e+00 0.000000000000000000e+00 0.000000000000000000e+00 0.000000000000000000e+00 0.000000000000000000e+00 0.000000000000000000e+00 0.000000000000000000e+00 0.000000000000000000e+00 0.000000000000000000e+00 0.000000000000000000e+00 -5.555555555555555941e-02 -1.000000000000000333e-01 1.279358563532895232e-17 -2.222222222222222654e-02 5.555555555555555247e-02 -9.999999999999995004e-02 8.185726402265558477e-18 8.888888888888889228e-02 7.372574772901430151e-18 2.666666666666667740e-01 -5.204170427930421283e-18 8.888888888888885065e-02 5.555555555555555941e-02 -1.000000000000000333e-01 -3.469446951953614189e-18 -2.222222222222222654e-02 -5.555555555555558023e-02 -1.000000000000000333e-01 0.000000000000000000e+00 0.000000000000000000e+00 0.000000000000000000e+00 0.000000000000000000e+00 0.000000000000000000e+00 0.000000000000000000e+00 0.000000000000000000e+00 0.000000000000000000e+00
0.000000000000000000e+00 0.000000000000000000e+00 0.000000000000000000e+00 0.000000000000000000e+00 0.000000000000000000e+00 0.000000000000000000e+00 0.000000000000000000e+00 0.000000000000000000e+00 0.000000000000000000e+00 0.000000000000000000e+00 0.000000000000000000e+00 0.000000000000000000e+00 0.000000000000000000e+00 0.000000000000000000e+00 0.000000000000000000e+00 0.000000000000000000e+00 0.000000000000000000e+00 0.000000000000000000e+00 -7.777777777777779289e-02 -2.777777777777777277e-02 -1.000000000000001027e-01 -5.555555555555557329e-02 6.666666666666672125e-02 8.333333333333334259e-02 -6.666666666666665186e-02 -4.336808689942017736e-19 -2.222222222222227511e-02 -5.204170427930421283e-18 3.111111111111111716e-01 1.734723475976807094e-17 -7.777777777777777901e-02 2.777777777777777624e-02 -1.000000000000000194e-01 5.555555555555555247e-02 6.666666666666666574e-02 -8.333333333333334259e-02 0.000000000000000000e+00 0.000000000000000000e+00 0.000000000000000000e+00 0.000000000000000000e+00 0.000000000000000000e+00 0.000000000000000000e+00 0.000000000000000000e+00 0.000000000000000000e+00
0.000000000000000000e+00 0.000000000000000000e+00 0.000000000000000000e+00 0.000000000000000000e+00 0.000000000000000000e+00 0.000000000000000000e+00 0.000000000000000000e+00 0.000000000000000000e+00 0.000000000000000000e+00 0.000000000000000000e+00 0.000000000000000000e+00 0.000000000000000000e+00 0.000000000000000000e+00 0.000000000000000000e+00 0.000000000000000000e+00 0.000000000000000000e+00 0.000000000000000000e+00 0.000000000000000000e+00 -2.777777777777778317e-02 -5.555555555555556635e-02 -5.555555555555557329e-02 -1.000000000000001443e-01 -8.333333333333331483e-02 -6.666666666666658247e-02 -2.710505431213761085e-19 8.023096076392732812e-18 -6.071532165918824830e-18 8.888888888888885065e-02 1.734723475976807094e-17 3.555555555555556246e-01 2.777777777777777624e-02 -5.555555555555555247e-02 5.555555555555555247e-02 -1.000000000000000194e-01 8.333333333333334259e-02 -6.666666666666666574e-02 0.000000000000000000e+00 0.000000000000000000e+00 0.000000000000000000e+00 0.000000000000000000e+00 0.000000000000000000e+00 0.000000000000000000e+00 0.000000000000000000e+00 0.000000000000000000e+00
0.000000000000000000e+00 0.000000000000000000e+00 0.000000000000000000e+00 0.000000000000000000e+00 0.000000000000000000e+00 0.000000000000000000e+00 0.000000000000000000e+00 0.000000000000000000e+00 0.000000000000000000e+00 0.000000000000000000e+00 0.000000000000000000e+00 0.000000000000000000e+00 0.000000000000000000e+00 0.000000000000000000e+00 0.000000000000000000e+00 0.000000000000000000e+00 0.000000000000000000e+00 0.000000000000000000e+00 -2.222222222222221266e-02 -4.166666666666667823e-02 -5.555555555555555941e-02 2.777777777777777971e-02 -3.333333333333333287e-02 1.388888888888888985e-02 6.666666666666667962e-02 -8.333333333333335646e-02 -1.000000000000000194e-01 5.555555555555555941e-02 -7.777777777777777901e-02 2.777777777777777624e-02 3.999999999999999667e-01 -1.250000000000000278e-01 -6.666666666666670737e-02 8.333333333333335646e-02 -1.111111111111110772e-01 4.166666666666666435e-02 0.000000000000000000e+00 0.000000000000000000e+00 0.000000000000000000e+00 0.000000000000000000e+00 0.000000000000000000e+00 0.000000000000000000e+00 0.000000000000000000e+00 0.000000000000000000e+00
0.000000000000000000e+00 0.000000000000000000e+00 0.000000000000000000e+00 0.000000000000000000e+00 0.000000000000000000e+00 0.000000000000000000e+00 0.000000000000000000e+00 0.000000000000000000e+00 0.000000000000000000e+00 0.000000000000000000e+00 0.000000000000000000e+00 0.000000000000000000e+00 0.000000000000000000e+00 0.000000000000000000e+00 0.000000000000000000e+00 0.000000000000000000e+00 0.000000000000000000e+00 0.000000000000000000e+00 4.166666666666667129e-02 -1.111111111111111049e-01 2.777777777777777971e-02 -7.777777777777779289e-02 1.388888888888888812e-02 -3.333333333333332593e-02 8.333333333333334259e-02 -6.666666666666667962e-02 5.555555555555555247e-02 -1.000000000000000333e-01 2.777777777777777624e-02 -5.555555555555555247e-02 -1.250000000000000278e-01 4.000000000000000222e-01 -8.333333333333332871e-02 6.666666666666665186e-02 -4.166666666666665741e-02 -2.222222222222219878e-02 0.000000000000000000e+00 0.000000000000000000e+00 0.000000000000000000e+00 0.000000000000000000e+00 0.000000000000000000e+00 0.000000000000000000e+00 0.000000000000000000e+00 0.000000000000000000e+00
0.000000000000000000e+00 0.000000000000000000e+00 0.000000000000000000e+00 0.000000000000000000e+00 0.000000000000000000e+00 0.000000000000000000e+00 0.000000000000000000e+00 0.000000000000000000e+00 0.000000000000000000e+00 0.000000000000000000e+00 0.000000000000000000e+00 0.000000000000000000e+00 0.000000000000000000e+00 0.000000000000000000e+00 0.000000000000000000e+00 0.000000000000000000e+00 0.000000000000000000e+00 0.000000000000000000e+00 -5.555555555555555247e-02 -2.777777777777777971e-02 3.014082039509702327e-17 1.301042606982605321e-18 -5.555555555555555941e-02 2.777777777777777624e-02 -1.000000000000000194e-01 -5.555555555555555941e-02 8.888888888888892004e-02 -3.469446951953614189e-18 -1.000000000000000194e-01 5.555555555555555247e-02 -6.666666666666670737e-02 -8.333333333333332871e-02 3.555555555555556246e-01 -1.040834085586084257e-17 -6.666666666666663799e-02 8.333333333333332871e-02 0.000000000000000000e+00 0.000000000000000000e+00 0.000000000000000000e+00 0.000000000000000000e+00 0.000000000000000000e+00 0.000000000000000000e+00 0.000000000000000000e+00 0.000000000000000000e+00
0.000000000000000000e+00 0.000000000000000000e+00 0.000000000000000000e+00 0.000000000000000000e+00 0.000000000000000000e+00 0.000000000000000000e+00 0.000000000000000000e+00 0.000000000000000000e+00 0.000000000000000000e+00 0.000000000000000000e+00 0.000000000000000000e+00 0.000000000000000000e+00 0.000000000000000000e+00 0.000000000000000000e+00 0.000000000000000000e+00 0.000000000000000000e+00 0.000000000000000000e+00 0.000000000000000000e+00 -2.777777777777777624e-02 -7.777777777777777901e-02 2.602085213965210642e-18 -6.666666666666665186e-02 2.777777777777778317e-02 -7.777777777777776513e-02 -5.555555555555555941e-02 -1.000000000000000333e-01 -1.734723475976807094e-18 -2.222222222222222654e-02 5.555555555555555247e-02 -1.000000000000000194e-01 8.333333333333335646e-02 6.666666666666665186e-02 -1.040834085586084257e-17 3.111111111111111160e-01 -8.333333333333334259e-02 6.666666666666669350e-02 0.000000000000000000e+00 0.000000000000000000e+00 0.000000000000000000e+00 0.000000000000000000e+00 0.000000000000000000e+00 0.000000000000000000e+00 0.000000000000000000e+00 0.000000000000000000e+00
0.000000000000000000e+00 0.000000000000000000e+00 0.000000000000000000e+00 0.000000000000000000e+00 0.000000000000000000e+00 0.000000000000000000e+00 0.000000000000000000e+00 0.000000000000000000e+00 0.000000000000000000e+00 0.000000000000000000e+00 0.000000000000000000e+00 0.000000000000000000e+00 0.000000000000000000e+00 0.000000000000000000e+00 0.000000000000000000e+00 0.000000000000000000e+00 0.000000000000000000e+00 0.000000000000000000e+00 -3.333333333333333287e-02 -1.388888888888888812e-02 -5.555555555555557329e-02 -2.777777777777779011e-02 -2.222222222222221960e-02 4.166666666666667129e-02 -7.777777777777777901e-02 -2.777777777777777624e-02 -1.000000000000000333e-01 -5.555555555555558023e-02 6.666666666666666574e-02 8.333333333333334259e-02 -1.111111111111110772e-01 -4.166666666666665741e-02 -6.666666666666663799e-02 -8.333333333333334259e-02 4.000000000000000222e-01 1.250000000000000000e-01 0.000000000000000000e+00 0.000000000000000000e+00 0.000000000000000000e+00 0.000000000000000000e+00 0.000000000000000000e+00 0.000000000000000000e+00 0.000000000000000000e+00 0.000000000000000000e+00
0.000000000000000000e+00 0.000000000000000000e+00 0.000000000000000000e+00 0.000000000000000000e+00 0.000000000000000000e+00 0.000000000000000000e+00 0.000000000000000000e+00 0.000000000000000000e+00 0.000000000000000000e+00 0.000000000000000000e+00 0.000000000000000000e+00 0.000000000000000000e+00 0.000000000000000000e+00 0.000000000000000000e+00 0.000000000000000000e+00 0.000000000000000000e+00 0.000000000000000000e+00 0.000000000000000000e+00 -1.388888888888888812e-02 -3.333333333333333287e-02 -2.777777777777777624e-02 -7.777777777777780677e-02 -4.166666666666667129e-02 -1.111111111111111327e-01 -2.777777777777777624e-02 -5.555555555555555247e-02 -5.555555555555555247e-02 -1.000000000000000333e-01 -8.333333333333334259e-02 -6.666666666666666574e-02 4.166666666666666435e-02 -2.222222222222219878e-02 8.333333333333332871e-02 6.666666666666669350e-02 1.250000000000000000e-01 4.000000000000000222e-01 0.000000000000000000e+00 0.000000000000000000e+00 0.000000000000000000e+00 0.000000000000000000e+00 0.000000000000000000e+00 0.000000000000000000e+00 0.000000000000000000e+00 0.000000000000000000e+00
