rectangle simple K centré

3.0000e+10 7.5000e+09 9.5367e-07 -7.5000e+09 -1.5000e+10 7.5000e+09 -1.5000e+10 -7.5000e+09
7.5000e+09 4.5000e+10 7.5000e+09 1.5000e+10 -7.5000e+09 -3.7500e+10 -7.5000e+09 -2.2500e+10
9.5367e-07 7.5000e+09 3.0000e+10 -7.5000e+09 -1.5000e+10 7.5000e+09 -1.5000e+10 -7.5000e+09
-7.5000e+09 1.5000e+10 -7.5000e+09 4.5000e+10 7.5000e+09 -2.2500e+10 7.5000e+09 -3.7500e+10
-1.5000e+10 -7.5000e+09 -1.5000e+10 7.5000e+09 3.0000e+10 -7.5000e+09 9.5367e-07 7.5000e+09
7.5000e+09 -3.7500e+10 7.5000e+09 -2.2500e+10 -7.5000e+09 4.5000e+10 -7.5000e+09 1.5000e+10
-1.5000e+10 -7.5000e+09 -1.5000e+10 7.5000e+09 9.5367e-07 -7.5000e+09 3.0000e+10 7.5000e+09
-7.5000e+09 -2.2500e+10 -7.5000e+09 -3.7500e+10 7.5000e+09 1.5000e+10 7.5000e+09 4.5000e+10

rectangle simple K décalage +3+3

3.0000e+10 7.5000e+09 1.9073e-06 -7.5000e+09 -1.5000e+10 7.5000e+09 -1.5000e+10 -7.5000e+09
7.5000e+09 4.5000e+10 7.5000e+09 1.5000e+10 -7.5000e+09 -3.7500e+10 -7.5000e+09 -2.2500e+10
1.9073e-06 7.5000e+09 3.0000e+10 -7.5000e+09 -1.5000e+10 7.5000e+09 -1.5000e+10 -7.5000e+09
-7.5000e+09 1.5000e+10 -7.5000e+09 4.5000e+10 7.5000e+09 -2.2500e+10 7.5000e+09 -3.7500e+10
-1.5000e+10 -7.5000e+09 -1.5000e+10 7.5000e+09 3.0000e+10 -7.5000e+09 4.7684e-07 7.5000e+09
7.5000e+09 -3.7500e+10 7.5000e+09 -2.2500e+10 -7.5000e+09 4.5000e+10 -7.5000e+09 1.5000e+10
-1.5000e+10 -7.5000e+09 -1.5000e+10 7.5000e+09 4.7684e-07 -7.5000e+09 3.0000e+10 7.5000e+09
-7.5000e+09 -2.2500e+10 -7.5000e+09 -3.7500e+10 7.5000e+09 1.5000e+10 7.5000e+09 4.5000e+10

rectangle collocation K1K2 centré sans décalage

3.0000e+10 7.5000e+09 9.5367e-07 -7.5000e+09 -1.5000e+10 7.5000e+09 -1.5000e+10 -7.5000e+09 0.0000e+00 0.0000e+00 0.0000e+00 0.0000e+00 0.0000e+00 0.0000e+00 0.0000e+00 0.0000e+00
7.5000e+09 4.5000e+10 7.5000e+09 1.5000e+10 -7.5000e+09 -3.7500e+10 -7.5000e+09 -2.2500e+10 0.0000e+00 0.0000e+00 0.0000e+00 0.0000e+00 0.0000e+00 0.0000e+00 0.0000e+00 0.0000e+00
9.5367e-07 7.5000e+09 3.0000e+10 -7.5000e+09 -1.5000e+10 7.5000e+09 -1.5000e+10 -7.5000e+09 0.0000e+00 0.0000e+00 0.0000e+00 0.0000e+00 0.0000e+00 0.0000e+00 0.0000e+00 0.0000e+00
-7.5000e+09 1.5000e+10 -7.5000e+09 4.5000e+10 7.5000e+09 -2.2500e+10 7.5000e+09 -3.7500e+10 0.0000e+00 0.0000e+00 0.0000e+00 0.0000e+00 0.0000e+00 0.0000e+00 0.0000e+00 0.0000e+00
-1.5000e+10 -7.5000e+09 -1.5000e+10 7.5000e+09 3.0000e+10 -7.5000e+09 9.5367e-07 7.5000e+09 0.0000e+00 0.0000e+00 0.0000e+00 0.0000e+00 0.0000e+00 0.0000e+00 0.0000e+00 0.0000e+00
7.5000e+09 -3.7500e+10 7.5000e+09 -2.2500e+10 -7.5000e+09 4.5000e+10 -7.5000e+09 1.5000e+10 0.0000e+00 0.0000e+00 0.0000e+00 0.0000e+00 0.0000e+00 0.0000e+00 0.0000e+00 0.0000e+00
-1.5000e+10 -7.5000e+09 -1.5000e+10 7.5000e+09 9.5367e-07 -7.5000e+09 3.0000e+10 7.5000e+09 0.0000e+00 0.0000e+00 0.0000e+00 0.0000e+00 0.0000e+00 0.0000e+00 0.0000e+00 0.0000e+00
-7.5000e+09 -2.2500e+10 -7.5000e+09 -3.7500e+10 7.5000e+09 1.5000e+10 7.5000e+09 4.5000e+10 0.0000e+00 0.0000e+00 0.0000e+00 0.0000e+00 0.0000e+00 0.0000e+00 0.0000e+00 0.0000e+00
0.0000e+00 0.0000e+00 0.0000e+00 0.0000e+00 0.0000e+00 0.0000e+00 0.0000e+00 0.0000e+00 3.0000e+10 7.5000e+09 9.5367e-07 -7.5000e+09 -1.5000e+10 7.5000e+09 -1.5000e+10 -7.5000e+09
0.0000e+00 0.0000e+00 0.0000e+00 0.0000e+00 0.0000e+00 0.0000e+00 0.0000e+00 0.0000e+00 7.5000e+09 4.5000e+10 7.5000e+09 1.5000e+10 -7.5000e+09 -3.7500e+10 -7.5000e+09 -2.2500e+10
0.0000e+00 0.0000e+00 0.0000e+00 0.0000e+00 0.0000e+00 0.0000e+00 0.0000e+00 0.0000e+00 9.5367e-07 7.5000e+09 3.0000e+10 -7.5000e+09 -1.5000e+10 7.5000e+09 -1.5000e+10 -7.5000e+09
0.0000e+00 0.0000e+00 0.0000e+00 0.0000e+00 0.0000e+00 0.0000e+00 0.0000e+00 0.0000e+00 -7.5000e+09 1.5000e+10 -7.5000e+09 4.5000e+10 7.5000e+09 -2.2500e+10 7.5000e+09 -3.7500e+10
0.0000e+00 0.0000e+00 0.0000e+00 0.0000e+00 0.0000e+00 0.0000e+00 0.0000e+00 0.0000e+00 -1.5000e+10 -7.5000e+09 -1.5000e+10 7.5000e+09 3.0000e+10 -7.5000e+09 9.5367e-07 7.5000e+09
0.0000e+00 0.0000e+00 0.0000e+00 0.0000e+00 0.0000e+00 0.0000e+00 0.0000e+00 0.0000e+00 7.5000e+09 -3.7500e+10 7.5000e+09 -2.2500e+10 -7.5000e+09 4.5000e+10 -7.5000e+09 1.5000e+10
0.0000e+00 0.0000e+00 0.0000e+00 0.0000e+00 0.0000e+00 0.0000e+00 0.0000e+00 0.0000e+00 -1.5000e+10 -7.5000e+09 -1.5000e+10 7.5000e+09 9.5367e-07 -7.5000e+09 3.0000e+10 7.5000e+09
0.0000e+00 0.0000e+00 0.0000e+00 0.0000e+00 0.0000e+00 0.0000e+00 0.0000e+00 0.0000e+00 -7.5000e+09 -2.2500e+10 -7.5000e+09 -3.7500e+10 7.5000e+09 1.5000e+10 7.5000e+09 4.5000e+10


rectangle collocation K1K2 centré décalage eps 2 sous domaines

3.0000e+10 7.5000e+09 9.5367e-07 -7.5000e+09 -1.5000e+10 7.5000e+09 -1.5000e+10 -7.5000e+09 0.0000e+00 0.0000e+00 0.0000e+00 0.0000e+00 0.0000e+00 0.0000e+00 0.0000e+00 0.0000e+00
7.5000e+09 4.5000e+10 7.5000e+09 1.5000e+10 -7.5000e+09 -3.7500e+10 -7.5000e+09 -2.2500e+10 0.0000e+00 0.0000e+00 0.0000e+00 0.0000e+00 0.0000e+00 0.0000e+00 0.0000e+00 0.0000e+00
9.5367e-07 7.5000e+09 3.0000e+10 -7.5000e+09 -1.5000e+10 7.5000e+09 -1.5000e+10 -7.5000e+09 0.0000e+00 0.0000e+00 0.0000e+00 0.0000e+00 0.0000e+00 0.0000e+00 0.0000e+00 0.0000e+00
-7.5000e+09 1.5000e+10 -7.5000e+09 4.5000e+10 7.5000e+09 -2.2500e+10 7.5000e+09 -3.7500e+10 0.0000e+00 0.0000e+00 0.0000e+00 0.0000e+00 0.0000e+00 0.0000e+00 0.0000e+00 0.0000e+00
-1.5000e+10 -7.5000e+09 -1.5000e+10 7.5000e+09 3.0000e+10 -7.5000e+09 9.5367e-07 7.5000e+09 0.0000e+00 0.0000e+00 0.0000e+00 0.0000e+00 0.0000e+00 0.0000e+00 0.0000e+00 0.0000e+00
7.5000e+09 -3.7500e+10 7.5000e+09 -2.2500e+10 -7.5000e+09 4.5000e+10 -7.5000e+09 1.5000e+10 0.0000e+00 0.0000e+00 0.0000e+00 0.0000e+00 0.0000e+00 0.0000e+00 0.0000e+00 0.0000e+00
-1.5000e+10 -7.5000e+09 -1.5000e+10 7.5000e+09 9.5367e-07 -7.5000e+09 3.0000e+10 7.5000e+09 0.0000e+00 0.0000e+00 0.0000e+00 0.0000e+00 0.0000e+00 0.0000e+00 0.0000e+00 0.0000e+00
-7.5000e+09 -2.2500e+10 -7.5000e+09 -3.7500e+10 7.5000e+09 1.5000e+10 7.5000e+09 4.5000e+10 0.0000e+00 0.0000e+00 0.0000e+00 0.0000e+00 0.0000e+00 0.0000e+00 0.0000e+00 0.0000e+00
0.0000e+00 0.0000e+00 0.0000e+00 0.0000e+00 0.0000e+00 0.0000e+00 0.0000e+00 0.0000e+00 3.0000e+10 7.5000e+09 9.5367e-07 -7.5000e+09 -1.5000e+10 7.5000e+09 -1.5000e+10 -7.5000e+09
0.0000e+00 0.0000e+00 0.0000e+00 0.0000e+00 0.0000e+00 0.0000e+00 0.0000e+00 0.0000e+00 7.5000e+09 4.5000e+10 7.5000e+09 1.5000e+10 -7.5000e+09 -3.7500e+10 -7.5000e+09 -2.2500e+10
0.0000e+00 0.0000e+00 0.0000e+00 0.0000e+00 0.0000e+00 0.0000e+00 0.0000e+00 0.0000e+00 9.5367e-07 7.5000e+09 3.0000e+10 -7.5000e+09 -1.5000e+10 7.5000e+09 -1.5000e+10 -7.5000e+09
0.0000e+00 0.0000e+00 0.0000e+00 0.0000e+00 0.0000e+00 0.0000e+00 0.0000e+00 0.0000e+00 -7.5000e+09 1.5000e+10 -7.5000e+09 4.5000e+10 7.5000e+09 -2.2500e+10 7.5000e+09 -3.7500e+10
0.0000e+00 0.0000e+00 0.0000e+00 0.0000e+00 0.0000e+00 0.0000e+00 0.0000e+00 0.0000e+00 -1.5000e+10 -7.5000e+09 -1.5000e+10 7.5000e+09 3.0000e+10 -7.5000e+09 9.5367e-07 7.5000e+09
0.0000e+00 0.0000e+00 0.0000e+00 0.0000e+00 0.0000e+00 0.0000e+00 0.0000e+00 0.0000e+00 7.5000e+09 -3.7500e+10 7.5000e+09 -2.2500e+10 -7.5000e+09 4.5000e+10 -7.5000e+09 1.5000e+10
0.0000e+00 0.0000e+00 0.0000e+00 0.0000e+00 0.0000e+00 0.0000e+00 0.0000e+00 0.0000e+00 -1.5000e+10 -7.5000e+09 -1.5000e+10 7.5000e+09 9.5367e-07 -7.5000e+09 3.0000e+10 7.5000e+09
0.0000e+00 0.0000e+00 0.0000e+00 0.0000e+00 0.0000e+00 0.0000e+00 0.0000e+00 0.0000e+00 -7.5000e+09 -2.2500e+10 -7.5000e+09 -3.7500e+10 7.5000e+09 1.5000e+10 7.5000e+09 4.5000e+10


rectangle collocation K1K2 centré décalage eps 1 sous domaines

3.0000e+10 7.5000e+09 9.5367e-07 -7.5000e+09 -1.5000e+10 7.5000e+09 -1.5000e+10 -7.5000e+09 0.0000e+00 0.0000e+00 0.0000e+00 0.0000e+00 0.0000e+00 0.0000e+00 0.0000e+00 0.0000e+00
7.5000e+09 4.5000e+10 7.5000e+09 1.5000e+10 -7.5000e+09 -3.7500e+10 -7.5000e+09 -2.2500e+10 0.0000e+00 0.0000e+00 0.0000e+00 0.0000e+00 0.0000e+00 0.0000e+00 0.0000e+00 0.0000e+00
9.5367e-07 7.5000e+09 3.0000e+10 -7.5000e+09 -1.5000e+10 7.5000e+09 -1.5000e+10 -7.5000e+09 0.0000e+00 0.0000e+00 0.0000e+00 0.0000e+00 0.0000e+00 0.0000e+00 0.0000e+00 0.0000e+00
-7.5000e+09 1.5000e+10 -7.5000e+09 4.5000e+10 7.5000e+09 -2.2500e+10 7.5000e+09 -3.7500e+10 0.0000e+00 0.0000e+00 0.0000e+00 0.0000e+00 0.0000e+00 0.0000e+00 0.0000e+00 0.0000e+00
-1.5000e+10 -7.5000e+09 -1.5000e+10 7.5000e+09 3.0000e+10 -7.5000e+09 9.5367e-07 7.5000e+09 0.0000e+00 0.0000e+00 0.0000e+00 0.0000e+00 0.0000e+00 0.0000e+00 0.0000e+00 0.0000e+00
7.5000e+09 -3.7500e+10 7.5000e+09 -2.2500e+10 -7.5000e+09 4.5000e+10 -7.5000e+09 1.5000e+10 0.0000e+00 0.0000e+00 0.0000e+00 0.0000e+00 0.0000e+00 0.0000e+00 0.0000e+00 0.0000e+00
-1.5000e+10 -7.5000e+09 -1.5000e+10 7.5000e+09 9.5367e-07 -7.5000e+09 3.0000e+10 7.5000e+09 0.0000e+00 0.0000e+00 0.0000e+00 0.0000e+00 0.0000e+00 0.0000e+00 0.0000e+00 0.0000e+00
-7.5000e+09 -2.2500e+10 -7.5000e+09 -3.7500e+10 7.5000e+09 1.5000e+10 7.5000e+09 4.5000e+10 0.0000e+00 0.0000e+00 0.0000e+00 0.0000e+00 0.0000e+00 0.0000e+00 0.0000e+00 0.0000e+00
0.0000e+00 0.0000e+00 0.0000e+00 0.0000e+00 0.0000e+00 0.0000e+00 0.0000e+00 0.0000e+00 3.0000e+10 7.5000e+09 9.5367e-07 -7.5000e+09 -1.5000e+10 7.5000e+09 -1.5000e+10 -7.5000e+09
0.0000e+00 0.0000e+00 0.0000e+00 0.0000e+00 0.0000e+00 0.0000e+00 0.0000e+00 0.0000e+00 7.5000e+09 4.5000e+10 7.5000e+09 1.5000e+10 -7.5000e+09 -3.7500e+10 -7.5000e+09 -2.2500e+10
0.0000e+00 0.0000e+00 0.0000e+00 0.0000e+00 0.0000e+00 0.0000e+00 0.0000e+00 0.0000e+00 9.5367e-07 7.5000e+09 3.0000e+10 -7.5000e+09 -1.5000e+10 7.5000e+09 -1.5000e+10 -7.5000e+09
0.0000e+00 0.0000e+00 0.0000e+00 0.0000e+00 0.0000e+00 0.0000e+00 0.0000e+00 0.0000e+00 -7.5000e+09 1.5000e+10 -7.5000e+09 4.5000e+10 7.5000e+09 -2.2500e+10 7.5000e+09 -3.7500e+10
0.0000e+00 0.0000e+00 0.0000e+00 0.0000e+00 0.0000e+00 0.0000e+00 0.0000e+00 0.0000e+00 -1.5000e+10 -7.5000e+09 -1.5000e+10 7.5000e+09 3.0000e+10 -7.5000e+09 9.5367e-07 7.5000e+09
0.0000e+00 0.0000e+00 0.0000e+00 0.0000e+00 0.0000e+00 0.0000e+00 0.0000e+00 0.0000e+00 7.5000e+09 -3.7500e+10 7.5000e+09 -2.2500e+10 -7.5000e+09 4.5000e+10 -7.5000e+09 1.5000e+10
0.0000e+00 0.0000e+00 0.0000e+00 0.0000e+00 0.0000e+00 0.0000e+00 0.0000e+00 0.0000e+00 -1.5000e+10 -7.5000e+09 -1.5000e+10 7.5000e+09 9.5367e-07 -7.5000e+09 3.0000e+10 7.5000e+09
0.0000e+00 0.0000e+00 0.0000e+00 0.0000e+00 0.0000e+00 0.0000e+00 0.0000e+00 0.0000e+00 -7.5000e+09 -2.2500e+10 -7.5000e+09 -3.7500e+10 7.5000e+09 1.5000e+10 7.5000e+09 4.5000e+10


rectangle collocation K1K2 centré décalage +3+3 2 sous domaines

3.0000e+10 7.5000e+09 1.9073e-06 -7.5000e+09 -1.5000e+10 7.5000e+09 -1.5000e+10 -7.5000e+09 0.0000e+00 0.0000e+00 0.0000e+00 0.0000e+00 0.0000e+00 0.0000e+00 0.0000e+00 0.0000e+00
7.5000e+09 4.5000e+10 7.5000e+09 1.5000e+10 -7.5000e+09 -3.7500e+10 -7.5000e+09 -2.2500e+10 0.0000e+00 0.0000e+00 0.0000e+00 0.0000e+00 0.0000e+00 0.0000e+00 0.0000e+00 0.0000e+00
1.9073e-06 7.5000e+09 3.0000e+10 -7.5000e+09 -1.5000e+10 7.5000e+09 -1.5000e+10 -7.5000e+09 0.0000e+00 0.0000e+00 0.0000e+00 0.0000e+00 0.0000e+00 0.0000e+00 0.0000e+00 0.0000e+00
-7.5000e+09 1.5000e+10 -7.5000e+09 4.5000e+10 7.5000e+09 -2.2500e+10 7.5000e+09 -3.7500e+10 0.0000e+00 0.0000e+00 0.0000e+00 0.0000e+00 0.0000e+00 0.0000e+00 0.0000e+00 0.0000e+00
-1.5000e+10 -7.5000e+09 -1.5000e+10 7.5000e+09 3.0000e+10 -7.5000e+09 4.7684e-07 7.5000e+09 0.0000e+00 0.0000e+00 0.0000e+00 0.0000e+00 0.0000e+00 0.0000e+00 0.0000e+00 0.0000e+00
7.5000e+09 -3.7500e+10 7.5000e+09 -2.2500e+10 -7.5000e+09 4.5000e+10 -7.5000e+09 1.5000e+10 0.0000e+00 0.0000e+00 0.0000e+00 0.0000e+00 0.0000e+00 0.0000e+00 0.0000e+00 0.0000e+00
-1.5000e+10 -7.5000e+09 -1.5000e+10 7.5000e+09 4.7684e-07 -7.5000e+09 3.0000e+10 7.5000e+09 0.0000e+00 0.0000e+00 0.0000e+00 0.0000e+00 0.0000e+00 0.0000e+00 0.0000e+00 0.0000e+00
-7.5000e+09 -2.2500e+10 -7.5000e+09 -3.7500e+10 7.5000e+09 1.5000e+10 7.5000e+09 4.5000e+10 0.0000e+00 0.0000e+00 0.0000e+00 0.0000e+00 0.0000e+00 0.0000e+00 0.0000e+00 0.0000e+00
0.0000e+00 0.0000e+00 0.0000e+00 0.0000e+00 0.0000e+00 0.0000e+00 0.0000e+00 0.0000e+00 3.0000e+10 7.5000e+09 1.9073e-06 -7.5000e+09 -1.5000e+10 7.5000e+09 -1.5000e+10 -7.5000e+09
0.0000e+00 0.0000e+00 0.0000e+00 0.0000e+00 0.0000e+00 0.0000e+00 0.0000e+00 0.0000e+00 7.5000e+09 4.5000e+10 7.5000e+09 1.5000e+10 -7.5000e+09 -3.7500e+10 -7.5000e+09 -2.2500e+10
0.0000e+00 0.0000e+00 0.0000e+00 0.0000e+00 0.0000e+00 0.0000e+00 0.0000e+00 0.0000e+00 1.9073e-06 7.5000e+09 3.0000e+10 -7.5000e+09 -1.5000e+10 7.5000e+09 -1.5000e+10 -7.5000e+09
0.0000e+00 0.0000e+00 0.0000e+00 0.0000e+00 0.0000e+00 0.0000e+00 0.0000e+00 0.0000e+00 -7.5000e+09 1.5000e+10 -7.5000e+09 4.5000e+10 7.5000e+09 -2.2500e+10 7.5000e+09 -3.7500e+10
0.0000e+00 0.0000e+00 0.0000e+00 0.0000e+00 0.0000e+00 0.0000e+00 0.0000e+00 0.0000e+00 -1.5000e+10 -7.5000e+09 -1.5000e+10 7.5000e+09 3.0000e+10 -7.5000e+09 4.7684e-07 7.5000e+09
0.0000e+00 0.0000e+00 0.0000e+00 0.0000e+00 0.0000e+00 0.0000e+00 0.0000e+00 0.0000e+00 7.5000e+09 -3.7500e+10 7.5000e+09 -2.2500e+10 -7.5000e+09 4.5000e+10 -7.5000e+09 1.5000e+10
0.0000e+00 0.0000e+00 0.0000e+00 0.0000e+00 0.0000e+00 0.0000e+00 0.0000e+00 0.0000e+00 -1.5000e+10 -7.5000e+09 -1.5000e+10 7.5000e+09 4.7684e-07 -7.5000e+09 3.0000e+10 7.5000e+09
0.0000e+00 0.0000e+00 0.0000e+00 0.0000e+00 0.0000e+00 0.0000e+00 0.0000e+00 0.0000e+00 -7.5000e+09 -2.2500e+10 -7.5000e+09 -3.7500e+10 7.5000e+09 1.5000e+10 7.5000e+09 4.5000e+10
